14, 13, 15, 16, 17, 492, 127, 695, 127, 2692, 127, 507, 908, 264
28, 471, 471, 2248, 2697, 25, 25, 303, 303, 303, 303
28, 445, 453, 453, 1487, 275, 275, 1487, 1487, 2424, 2678, 1488
28, 1934, 1934, 28, 455, 445, 445, 446, 445, 447
30, 1153, 1152, 1153, 355, 355, 650, 379, 397, 1356, 2697, 2697, 338
30, 131, 1170, 423, 2697, 142, 142, 49, 836, 836, 2678, 836
30, 30, 30, 1075, 2692, 480, 49, 701, 100, 1146, 100
32, 2567, 2303, 2567, 1027, 992, 1027, 2567, 130, 2567
32, 1193, 1193, 32, 1193, 1193, 127, 127, 1630, 127
32, 710, 708, 1617, 708, 1618, 1618, 11, 2451, 2678, 2697, 11
32, 2303, 2303, 2303, 2692, 2313, 2666, 1330, 2666, 1226, 2008, 2568, 2666, 2568, 2568
33, 1022, 330, 1974, 1083, 1083, 1090, 479, 2451, 2451, 2298, 640, 2697, 908
33, 1618, 1618, 1618, 1229, 299, 2070, 2070, 1757, 2070
53, 52, 764, 755, 2678, 902, 2178, 1142, 1146, 652, 2121, 652
53, 1376, 1379, 165, 2697, 1931, 1931, 1931, 2021, 1931, 1931, 165
53, 1905, 761, 2028, 2692, 761, 2027, 53, 308, 1376, 1122, 53, 2692, 53
53, 52, 53, 1905, 198, 1903, 1120, 678, 2079, 678
53, 198, 236, 484, 484, 236, 490, 262, 1960, 511, 2697, 127
53, 198, 198, 540, 540, 127, 316, 127, 1005, 1929
53, 53, 1825, 1826, 1825, 1826, 2189, 1826, 1826, 1825
53, 2167, 4, 11, 529, 529, 529, 514, 11, 2678, 99
53, 52, 53, 53, 1877, 1877, 1877, 2311, 2309, 2073
67, 67, 687, 687, 64, 65, 65, 65, 1917, 2692, 1917
67, 67, 67, 687, 67, 687, 689, 1989, 1719, 1184
79, 79, 634, 633, 634, 631, 631, 1328, 1328, 1463
79, 79, 1001, 1003, 304, 2044, 2043, 131, 1539, 1539
86, 84, 85, 85, 83, 614, 83, 612, 868, 2081
99, 827, 827, 342, 340, 1314, 183, 183, 1764, 2678, 678
99, 99, 100, 701, 49, 966, 966, 237, 49, 640, 2678, 2692, 755
99, 11, 11, 11, 1927, 2646, 2646, 1927, 2646, 505
102, 68, 65, 1856, 1290, 1925, 1290, 1287, 1690, 686, 2697, 100
102, 73, 70, 2130, 2697, 1942, 70, 1562, 2661, 1918, 1999, 2091, 315
103, 68, 49, 52, 2697, 51, 52, 1148, 704, 734, 55, 2355, 2695, 55
103, 101, 100, 718, 719, 721, 721, 721, 719, 478, 2601, 2692, 718
111, 114, 114, 114, 112, 474, 534, 1599, 1599, 2697, 2697, 2692, 892
111, 110, 109, 469, 469, 607, 609, 1096, 1096, 483
120, 1008, 120, 193, 189, 194, 194, 194, 194, 1228
120, 1262, 120, 1262, 2697, 1261, 120, 882, 411, 685, 120, 1008
120, 411, 595, 1577, 1577, 2188, 2188, 501, 501, 504
120, 120, 1585, 2360, 2697, 2697, 1301, 340, 2051, 511, 1300, 1300, 1300, 2045, 2045
120, 95, 1899, 1899, 198, 1392, 1363, 1363, 1392, 2697, 1393
123, 123, 123, 122, 122, 122, 122, 406, 562, 2430
123, 123, 2625, 2625, 2625, 2625, 2625, 123, 123, 123
124, 139, 127, 1187, 127, 541, 127, 1781, 1782, 819
144, 139, 144, 861, 2692, 2678, 861, 1923, 865, 2377, 2055, 257, 877
151, 151, 149, 149, 2697, 109, 1411, 910, 147, 148, 127, 198, 2104, 2695, 127
151, 150, 150, 152, 2697, 152, 2335, 558, 1781, 1779, 1781, 1780
165, 1287, 1084, 127, 315, 1041, 116, 116, 50, 1119
165, 2649, 2628, 2628, 139, 124, 123, 122, 123, 2168
165, 422, 11, 2643, 11, 1031, 1031, 11, 383, 690
165, 1370, 1370, 592, 2331, 2331, 592, 1401, 1400, 2697, 341
165, 1372, 165, 422, 11, 1703, 1880, 1880, 1879, 1882
165, 1370, 1833, 1338, 1341, 1341, 198, 196, 2151, 2152
176, 2329, 666, 2329, 2329, 176, 868, 1550, 176, 1322
176, 869, 868, 1321, 1320, 1320, 950, 854, 1050, 1051
176, 861, 862, 934, 935, 937, 2346, 2346, 936, 476, 2697, 127
176, 958, 958, 565, 1428, 1427, 1428, 1428, 1963, 2113, 2697, 1428
176, 176, 958, 565, 565, 574, 577, 954, 950, 953
176, 176, 1552, 176, 1321, 868, 950, 953, 176, 1552
202, 57, 1681, 57, 2678, 1391, 1388, 511, 223, 195, 1613, 1116, 2547, 1190, 1084
202, 202, 200, 1669, 2678, 2367, 200, 203, 2106, 2286, 127, 795, 987, 127, 686
203, 203, 127, 687, 2697, 2695, 687, 1491, 2473, 2473, 16, 117, 127, 127, 2399
203, 127, 694, 694, 2678, 2217, 127, 2043, 691, 309, 1516, 127, 538, 538, 536
206, 239, 842, 262, 262, 1601, 1601, 659, 660, 657
222, 222, 1862, 1862, 1358, 1358, 226, 1359, 1359, 2697, 1359
222, 226, 1960, 127, 1936, 127, 127, 314, 314, 314
222, 224, 818, 820, 818, 819, 818, 819, 1782, 819
249, 249, 249, 240, 2692, 617, 617, 358, 617, 376, 618, 2161
254, 251, 255, 184, 2454, 2454, 2454, 176, 1319, 854
254, 251, 251, 240, 2692, 1715, 241, 2688, 380, 847, 2012, 995, 1211, 1786, 1779
254, 254, 253, 566, 572, 565, 1484, 1484, 973, 973
258, 257, 877, 2594, 2594, 2595, 2594, 877, 1581, 2697, 750
279, 279, 279, 279, 279, 2438, 279, 279, 278, 2386
286, 286, 1477, 1477, 2678, 286, 285, 1076, 479, 479, 2697, 2576
292, 291, 291, 1028, 2414, 1379, 2414, 1379, 1011, 1011
401, 338, 377, 1766, 2692, 1218, 1765, 959, 1363, 1407, 1179, 547, 1406, 2697, 1407
427, 427, 426, 2099, 2099, 2100, 97, 502, 2656, 2656
518, 518, 474, 483, 2695, 526, 712, 50, 334, 2095, 1119, 1319, 1119, 1485, 1119
518, 474, 505, 505, 505, 483, 1645, 1645, 256, 285
625, 324, 459, 461, 461, 445, 445, 230, 229, 232
625, 1247, 85, 1247, 2697, 1531, 2692, 1559, 744, 1450, 268, 268, 2057, 750
659, 2320, 600, 595, 2692, 595, 595, 594, 1057, 1224, 594, 1224
659, 658, 851, 2216, 2216, 677, 2137, 2137, 2137, 1726
664, 303, 664, 665, 1700, 1700, 1700, 665, 1700, 696, 2697, 348
664, 665, 338, 389, 389, 338, 266, 127, 1820, 2697, 2692, 568
664, 664, 666, 2143, 2697, 365, 2620, 666, 666, 1791, 2112, 2097, 406, 406, 406
673, 675, 1233, 777, 776, 2184, 2184, 2184, 2184, 2185
673, 673, 673, 1699, 1699, 673, 672, 1275, 675, 675
673, 672, 1275, 1275, 675, 675, 1275, 1434, 693, 127
697, 697, 2340, 1824, 1823, 541, 541, 544, 541, 127
756, 756, 1369, 2514, 757, 154, 157, 160, 154, 153
756, 1888, 162, 2361, 162, 1483, 1482, 207, 1481, 1482
766, 766, 704, 734, 55, 704, 299, 2218, 299, 2678, 268, 2436, 2697, 1983
766, 766, 766, 766, 766, 202, 54, 57, 1391, 1388
803, 2394, 555, 81, 2697, 1080, 1575, 93, 1080, 993, 289, 483, 1094, 1074, 1074
803, 2433, 2433, 1393, 1392, 2150, 1848, 1848, 1848, 1892
809, 812, 856, 855, 855, 856, 812, 812, 856, 855
809, 2064, 2064, 2255, 2692, 1128, 2443, 1348, 2101, 727, 2678, 640, 2678, 727
809, 811, 2261, 811, 808, 811, 811, 808, 2068, 808
813, 2068, 2068, 2068, 2447, 2068, 1670, 2391, 2391, 1670
830, 1204, 1204, 827, 827, 1204, 827, 827, 99, 825
830, 1038, 1038, 510, 127, 750, 127, 686, 127, 2451, 127, 1005
848, 925, 925, 2031, 41, 2031, 925, 924, 131, 129
848, 595, 594, 2001, 2692, 2003, 2001, 2001, 1781, 1780, 2697, 1211
853, 854, 2443, 1128, 2692, 2678, 1126, 2077, 1128, 1126, 1507, 678, 1123, 678
853, 49, 49, 515, 474, 371, 2445, 647, 647, 2678, 635
871, 871, 418, 1804, 418, 1804, 1536, 1535, 1536, 1534
871, 1262, 1261, 120, 120, 1262, 193, 120, 685, 1592, 2697, 192
874, 873, 1845, 1845, 1846, 1845, 1846, 1499, 1499, 466, 2697, 2424, 2678, 861
882, 263, 127, 2338, 2339, 2339, 2339, 2422, 2422, 127, 127
882, 1596, 988, 988, 1937, 1937, 988, 988, 2238, 153
898, 1309, 1309, 2427, 2697, 768, 11, 1805, 665, 662, 2098
898, 1307, 1306, 62, 2697, 2674, 577, 1846, 2674, 2674, 62, 2337, 1314
941, 941, 1376, 1044, 1045, 1045, 2689, 1045, 1045, 2689
941, 941, 942, 941, 91, 90, 25, 24, 24, 1734
942, 941, 939, 1267, 1424, 1424, 2293, 1563, 1424, 2692, 2692, 1563
942, 2417, 2126, 2127, 2692, 2127, 2001, 692, 127, 235, 1824
962, 447, 445, 2109, 2697, 2109, 1960, 2278, 2023, 977, 1955, 990, 1155, 990, 990
962, 961, 1935, 1908, 2678, 1935, 1908, 1371, 1908, 448, 458, 448
969, 968, 233, 233, 2678, 2298, 127, 262, 127, 1458, 1396, 477, 1822, 2695, 127
969, 49, 1611, 1611, 1611, 49, 49, 2604, 11, 2695, 514
999, 722, 1000, 1000, 722, 997, 1115, 1128, 2443, 1552
999, 997, 932, 997, 2692, 1727, 1727, 1727, 997, 932, 930
1028, 1028, 1028, 291, 1028, 1028, 76, 76, 1028, 76
1028, 76, 525, 76, 525, 525, 76, 634, 76, 79
1048, 483, 1076, 485, 2692, 909, 1867, 483, 2358, 1275, 1922, 1559, 744, 268
1048, 1049, 2082, 2081, 2082, 854, 854, 1551, 868, 1319
1086, 1086, 1086, 483, 1082, 1089, 483, 519, 519, 2697, 483
1086, 483, 1099, 483, 514, 379, 382, 338, 338, 393
1087, 483, 2618, 2620, 2692, 1921, 2592, 1294, 2619, 861, 2620, 2620, 2619, 2620, 2669
1087, 483, 1101, 483, 2692, 2705, 81, 82, 81, 192, 793, 1084, 1939, 2678, 1940
1133, 1133, 49, 99, 2697, 947, 99, 2115, 1895, 825, 381, 825, 825
1133, 49, 2102, 2102, 2697, 2148, 49, 1901, 2628, 1691, 124, 49, 2610, 2690, 1889
1140, 27, 2505, 27, 273, 2398, 273, 273, 273, 2398
1140, 1157, 1157, 1031, 2697, 11, 2416, 2372, 2111, 2045, 1300, 1064, 2045, 1300, 2363
1155, 990, 2526, 990, 2692, 990, 1168, 990, 2402, 30, 2376, 990, 30, 990
1155, 1154, 1280, 1240, 1279, 1241, 1279, 1240, 1240, 1240
1165, 2119, 1479, 1479, 1478, 1479, 832, 551, 551, 463
1231, 1231, 1231, 78, 78, 76, 1028, 291, 292, 2451, 2692, 291
1254, 1252, 1252, 1252, 1253, 1253, 1989, 1998, 1998, 2579, 2697, 1989
1312, 367, 489, 491, 491, 367, 489, 367, 331, 331
1312, 1312, 1312, 1312, 2697, 2287, 1554, 2287, 2287, 2287, 2287, 2287
1345, 2359, 397, 391, 761, 838, 838, 761, 2028, 2678, 2424, 2678, 2025
1345, 1345, 1345, 2359, 2364, 1015, 2363, 2363, 1300, 895
1346, 773, 774, 773, 773, 1868, 1869, 1868, 773, 478, 2298, 2695, 2697, 184
1346, 2209, 50, 50, 2697, 1701, 50, 557, 896, 2537, 1132, 1612, 1544, 2697, 1612
1352, 1352, 379, 1196, 2678, 1196, 379, 57, 232, 1141, 1139, 2692, 2659
1381, 1380, 1383, 1382, 1383, 1382, 1380, 1382, 1380, 1383
1400, 1400, 591, 591, 2692, 1401, 590, 2331, 925, 573, 565
1400, 1401, 590, 587, 484, 487, 483, 548, 547, 2692, 483
1414, 305, 305, 806, 2697, 806, 806, 305, 1081, 538, 583, 305, 9
1457, 1457, 1456, 1456, 11, 383, 338, 397, 2315, 1050
1489, 1489, 40, 40, 1489, 2503, 2098, 1276, 2098, 2031
1544, 2042, 2042, 30, 2697, 1075, 1075, 276, 483, 1094, 81, 219, 2678, 2692, 81
1544, 1612, 1612, 1321, 2697, 1321, 868, 1437, 1318, 1318, 868, 1178
1580, 288, 288, 1579, 454, 454, 454, 28, 28, 28
1588, 1589, 1585, 1585, 2360, 2315, 959, 1407, 1407, 1404
1588, 1588, 347, 347, 1588, 1589, 1587, 1587, 2426, 2426
1675, 1674, 1674, 1674, 218, 1914, 551, 1914, 1841, 749, 2697, 445
1678, 240, 239, 843, 2697, 1920, 395, 2031, 50, 450, 860, 860, 767
1685, 13, 1628, 1287, 1291, 1291, 1291, 1289, 1190, 2692, 1084
1685, 1684, 1683, 1684, 1685, 13, 1677, 13, 1686, 19
1696, 49, 49, 903, 2697, 49, 1164, 2033, 1071, 1017, 27, 26, 2692, 27
1710, 2400, 1781, 1781, 2692, 2697, 127, 2380, 1150, 127, 2465, 2460, 2465, 503
1710, 1710, 1710, 1583, 2692, 660, 265, 265, 1572, 2347, 1712, 1709, 2241, 2697, 1294
1729, 1729, 1396, 1396, 1493, 341, 1493, 242, 242, 1776
1729, 648, 1223, 1223, 648, 53, 1075, 30, 990, 1702, 2692, 990
1887, 1887, 1941, 740, 740, 742, 1449, 1540, 1648, 1648
1887, 1887, 1887, 402, 402, 1887, 2219, 1138, 470, 470
1887, 1941, 1887, 2513, 2697, 667, 845, 943, 91, 176, 950
1900, 198, 1902, 198, 1906, 1906, 1904, 709, 709, 709
1900, 1900, 2168, 1900, 2697, 2297, 2277, 198, 2538, 1096, 53, 1379, 1379, 1825, 1379
1916, 1916, 1841, 445, 445, 1827, 295, 295, 1827, 295
1924, 1923, 635, 127, 1177, 2117, 2465, 2622, 2212, 127, 981, 257, 127, 2197, 892
1935, 445, 207, 1482, 207, 445, 28, 445, 230, 2697, 2678, 2697, 288
1935, 25, 25, 326, 2692, 518, 1668, 1668, 1159, 468, 326, 1139, 2462, 2462, 326
1941, 1270, 1765, 582, 587, 592, 1370, 1370, 1370, 2697, 816, 2697, 1370
1941, 1270, 564, 564, 1191, 1191, 463, 517, 517, 483
1967, 2523, 2523, 2523, 2697, 2523, 218, 218, 39, 2521, 2521, 218
1967, 956, 955, 950, 955, 955, 1241, 1242, 613, 613
1967, 1966, 2285, 190, 2692, 2285, 1939, 410, 410, 191, 191, 191
1993, 1993, 1995, 2619, 1995, 1995, 1425, 1425, 1420, 1257
1993, 1995, 2618, 2620, 2692, 1469, 2618, 483, 1064, 483, 1078, 546
2012, 2012, 2011, 1059, 2012, 1059, 1059, 142, 142, 142
2012, 2012, 597, 600, 2697, 2692, 597, 595, 1416, 597, 2597, 1458, 599, 600, 600
2023, 1346, 2023, 1346, 2692, 2539, 583, 2691, 2691, 1642, 2539, 2691, 109
2078, 2078, 237, 1958, 2692, 1958, 1857, 1279, 1880, 2316, 1889, 1387, 1387, 1387
2117, 2117, 1331, 2117, 2120, 2120, 2289, 2288, 2289, 2692, 2692, 2288
2117, 2117, 2117, 2117, 2692, 2289, 2117, 2290, 2290, 449, 2290
2127, 2126, 2126, 2126, 2126, 999, 180, 181, 181, 1393, 2451, 2692, 181
2127, 2127, 2001, 2430, 2697, 2697, 562, 2430, 2430, 2430, 2001, 692
2128, 1640, 1640, 1639, 1639, 1639, 1639, 1639, 1639, 1638
2131, 1164, 1163, 1039, 534, 1637, 534, 1039, 744, 268
2141, 673, 1273, 2133, 1273, 1273, 1274, 1271, 1274, 1271
2156, 2156, 2155, 2153, 2153, 2156, 2153, 2154, 2153, 2155
2175, 2175, 2396, 1789, 1789, 1808, 1673, 1673, 218, 1385
2175, 2175, 2175, 2396, 2396, 2396, 1155, 1670, 2128, 1640
2200, 2200, 2693, 1171, 2697, 8, 1766, 1171, 1382, 238, 866, 1383, 2702, 2700
2214, 483, 483, 2214, 1140, 1140, 27, 2214, 2215, 2215
2214, 2214, 483, 1075, 1075, 483, 484, 483, 626, 908, 506
2270, 1750, 87, 85, 2692, 2182, 1244, 404, 486, 85, 87, 447, 2500, 891, 2500
2336, 152, 1307, 1307, 2697, 1755, 1307, 501, 1755, 1307, 1307, 1755
2351, 11, 1703, 49, 899, 11, 2427, 2427, 2427, 11
2364, 1942, 2534, 2364, 742, 921, 738, 921, 738, 739
2364, 2364, 1741, 1942, 1741, 1942, 1942, 742, 738, 742
2433, 2433, 272, 272, 2678, 2093, 763, 436, 518, 518, 530, 1036, 514, 530, 2601
2433, 2433, 803, 2433, 2692, 2692, 2678, 1507, 803, 1060, 1061, 726, 722, 722, 997
2440, 2440, 2440, 2196, 1607, 2007, 1836, 2222, 1836, 2692, 2222
2522, 2522, 2522, 218, 1674, 218, 1006, 330, 1670, 1160
14, 14, 992, 14, 14, 992, 14, 992, 1024, 46
28, 2494, 232, 1014, 232, 2544, 127, 693, 127, 2692, 744
28, 455, 28, 455, 456, 229, 229, 232, 2542, 742
28, 109, 2691, 2539, 2539, 2539, 1349, 1349, 2064, 2256
30, 31, 838, 761, 761, 1191, 761, 1357, 761, 1749
30, 2623, 30, 2042, 2692, 715, 1544, 1544, 51, 2556, 603, 2556, 1984, 1996
30, 30, 30, 993, 30, 2623, 1500, 11, 2234, 2235
32, 294, 295, 1827, 2692, 1827, 295, 111, 2366, 180, 1827, 1827, 1827, 2692, 295
32, 32, 2303, 32, 1023, 1023, 2644, 2644, 2644, 11
32, 710, 1228, 11, 680, 680, 11, 514, 514, 514
32, 294, 294, 1603, 2692, 1326, 254, 1603, 254, 2199, 354, 254, 2575
33, 34, 34, 34, 33, 989, 33, 33, 1618, 710
33, 33, 33, 1022, 33, 32, 33, 33, 33, 33
53, 248, 1406, 541, 1063, 483, 548, 483, 483, 500
53, 217, 53, 1075, 483, 474, 483, 41, 483, 1084
53, 1044, 53, 53, 1075, 483, 484, 587, 587, 587
53, 2418, 53, 879, 53, 371, 53, 1379, 165, 1377
53, 892, 890, 2127, 2126, 2417, 2126, 999, 997, 1751
53, 2114, 405, 2237, 2237, 463, 464, 1358, 226, 1359
53, 2628, 53, 2628, 2628, 1376, 2562, 2562, 2562, 1144
53, 198, 198, 1907, 742, 1449, 1449, 1449, 1449, 324
53, 1044, 1045, 2689, 2313, 2312, 2354, 2354, 127, 1823
67, 687, 127, 1040, 127, 1955, 1955, 1956, 1956, 1956
67, 1226, 127, 700, 415, 543, 127, 139, 127, 888
79, 1001, 1256, 954, 1865, 232, 379, 834, 834, 2048
79, 533, 474, 474, 506, 625, 1316, 625, 160, 157
86, 84, 85, 83, 1296, 218, 1504, 1504, 485, 601
99, 825, 99, 1642, 1642, 920, 1640, 2128, 2128, 2128
99, 827, 554, 554, 827, 1204, 1204, 176, 1319, 1319
99, 780, 1055, 1055, 484, 483, 1064, 1092, 483, 1089
102, 103, 101, 100, 717, 717, 239, 841, 53, 841
102, 101, 49, 2443, 854, 2119, 127, 127, 81, 1965
103, 2654, 2654, 2654, 2654, 2654, 1068, 1066, 1065, 2692, 299, 2692, 1064
103, 102, 68, 49, 49, 49, 99, 68, 99, 99
111, 1206, 1205, 342, 342, 827, 99, 825, 99, 853, 2695, 49
111, 111, 468, 111, 111, 112, 112, 474, 529, 11
120, 1585, 2315, 2360, 2315, 2359, 2359, 2359, 1345, 1344
120, 1008, 1325, 1324, 1325, 1326, 1326, 1329, 1325, 1326
120, 1585, 1586, 1585, 1585, 120, 1008, 120, 1262, 120
120, 192, 1950, 685, 120, 1950, 1950, 685, 192, 1950
120, 685, 190, 190, 942, 190, 942, 942, 2417, 942
123, 124, 271, 676, 2692, 1592, 1587, 1493, 627, 1398, 1006, 1251, 1007, 1005, 1005
123, 122, 809, 435, 441, 435, 438, 438, 435, 435
124, 124, 124, 124, 139, 146, 421, 420, 2253, 2253
144, 139, 139, 139, 138, 139, 142, 49, 49, 2263
151, 147, 1411, 305, 1191, 832, 1479, 2119, 127, 394
151, 147, 2096, 147, 1411, 147, 147, 149, 1411, 1410
165, 165, 165, 1378, 165, 1377, 1575, 1077, 1647, 1388
165, 1373, 165, 815, 165, 163, 262, 265, 1712, 1710
165, 1376, 1044, 1044, 1045, 2689, 1045, 2689, 1045, 1044
165, 372, 187, 2483, 187, 188, 187, 188, 187, 188
165, 1287, 1084, 1190, 1292, 1190, 1084, 1630, 127, 687
165, 2301, 233, 127, 693, 127, 263, 474, 474, 519
176, 1204, 1204, 1204, 1204, 830, 476, 476, 880, 2692, 879
176, 953, 1178, 1180, 2692, 1975, 1975, 1974, 330, 330, 451
176, 176, 2454, 301, 301, 1653, 1653, 1653, 1657, 1653
176, 1550, 178, 1548, 1547, 1548, 1548, 1547, 1548, 2692, 1548
176, 236, 367, 367, 491, 489, 490, 489, 491, 489
176, 950, 950, 1320, 868, 176, 868, 1318, 854, 868
202, 202, 57, 1391, 1391, 547, 483, 1073, 1073, 1064
202, 57, 1681, 57, 2692, 57, 54, 202, 54, 54, 1694, 1571, 1693, 2695, 54
206, 205, 206, 205, 206, 239, 206, 205, 1295, 1469
222, 222, 224, 1359, 1360, 1608, 1360, 1360, 1360, 1608
222, 223, 221, 222, 221, 222, 226, 1358, 1359, 224
222, 222, 221, 1862, 223, 1862, 222, 223, 221, 224
249, 240, 840, 840, 840, 2546, 2546, 867, 861, 863
254, 255, 252, 973, 1486, 973, 1486, 973, 1482, 1481
254, 254, 252, 255, 2692, 255, 368, 255, 236, 299, 1947, 299, 773, 2692, 1346
254, 565, 564, 564, 564, 565, 569, 565, 2260, 2258
258, 258, 2679, 2679, 2344, 2344, 2344, 2344, 2679, 258
279, 278, 278, 280, 280, 541, 542, 127, 2474, 127
427, 775, 776, 2184, 1742, 2296, 127, 415, 127, 17
505, 474, 479, 479, 523, 483, 1525, 1294, 296, 2692, 1294
505, 483, 530, 530, 1185, 1185, 127, 2297, 2297, 2297
505, 505, 483, 2358, 483, 1066, 1248, 1247, 1559, 2603
518, 530, 74, 1426, 2692, 2707, 2518, 2193, 74, 1467, 524, 474, 510, 127, 1250
518, 272, 272, 341, 338, 1239, 338, 390, 339, 245
521, 474, 629, 474, 528, 1440, 528, 474, 506, 506
521, 474, 514, 514, 2448, 2695, 474, 1091, 1715, 479, 474, 483, 2692, 2692, 547
555, 483, 2618, 483, 1084, 2411, 1084, 1060, 338, 338
555, 555, 567, 565, 1866, 565, 579, 565, 568, 565
555, 483, 546, 523, 483, 569, 565, 398, 338, 2692, 379
555, 2394, 2394, 803, 803, 1466, 1111, 1110, 198, 198
555, 707, 707, 707, 706, 704, 765, 1379, 1379, 165
555, 567, 565, 569, 2692, 569, 1317, 479, 2459, 1064, 394, 1073, 1067, 1067
625, 625, 1924, 1316, 1924, 625, 625, 324, 444, 804
625, 522, 625, 506, 474, 520, 299, 1160, 1160, 2692, 1161
658, 655, 851, 655, 851, 2216, 1229, 708, 707, 707
658, 655, 655, 657, 657, 659, 660, 11, 296, 296
664, 667, 845, 665, 662, 662, 389, 389, 431, 894
664, 666, 2449, 666, 664, 1745, 1062, 1745, 664, 667
664, 228, 664, 663, 27, 1017, 131, 1068, 131, 1017
697, 1627, 697, 1627, 1965, 81, 2238, 317, 314, 321
766, 846, 846, 846, 88, 846, 766, 56, 1277, 1277
766, 55, 770, 202, 766, 766, 56, 54, 770, 55
803, 803, 801, 672, 561, 562, 561, 560, 561, 561
803, 2432, 2432, 1393, 1393, 1393, 1392, 198, 53, 53
807, 806, 806, 806, 806, 806, 807, 806, 806, 305
807, 806, 604, 1333, 663, 741, 738, 921, 921, 743
848, 283, 916, 283, 256, 256, 1645, 677, 676, 271
848, 848, 925, 924, 2025, 761, 391, 761, 1357, 761
853, 530, 526, 530, 853, 474, 472, 474, 1201, 1767, 1838, 2672, 1838
853, 853, 854, 2076, 2695, 2446, 678, 1313, 2353, 1122, 171, 1610, 1123, 678, 1124
867, 867, 761, 761, 838, 838, 761, 1654, 1655, 895
871, 871, 1262, 1261, 862, 1972, 1972, 862, 1972, 1570
871, 418, 415, 418, 418, 379, 341, 338, 338, 396
874, 874, 873, 873, 873, 1845, 1845, 1845, 101, 100
877, 392, 338, 379, 379, 386, 386, 386, 2201, 386
877, 750, 877, 392, 127, 1187, 127, 772, 1011, 1014
877, 127, 746, 127, 1988, 572, 890, 892, 1765, 1768
877, 127, 322, 127, 127, 1955, 1955, 127, 392, 392
880, 879, 50, 50, 896, 1540, 50, 1692, 1692, 1692
882, 1596, 1234, 2487, 2486, 1851, 1850, 1851, 1850, 1851
882, 748, 748, 748, 746, 747, 2030, 745, 745, 744
898, 1309, 1309, 2427, 2356, 2427, 2427, 2427, 2479, 2479
898, 898, 1307, 1306, 62, 2674, 2674, 62, 58, 59
962, 458, 447, 445, 2692, 1173, 1173, 445, 1123, 453, 453, 43
962, 1185, 1718, 1718, 2543, 2543, 1718, 2543, 2544, 1746
1048, 909, 1099, 1099, 483, 1094, 546, 523, 483, 1082
1048, 1048, 1047, 530, 483, 2214, 2368, 2369, 2624, 1889
1087, 1087, 1702, 530, 474, 371, 2105, 2105, 1429, 576
1087, 1087, 1702, 348, 2692, 530, 1236, 607, 469, 1872, 946, 109, 112, 2695, 111
1116, 678, 1117, 49, 2443, 49, 1592, 899, 2038, 2038
1116, 1116, 678, 678, 61, 61, 1697, 405, 386, 379
1133, 0, 1744, 49, 1593, 1593, 1593, 49, 624, 2231
1133, 1131, 1131, 904, 904, 1131, 1131, 925, 41, 892
1136, 1136, 479, 569, 254, 569, 479, 479, 476, 481
1140, 27, 2246, 2246, 27, 2214, 483, 910, 483, 1101
1140, 27, 2505, 2505, 2505, 2145, 1731, 2145, 2505, 2505
1165, 2119, 2119, 127, 2087, 127, 1944, 2181, 1295, 2464
1231, 988, 1596, 988, 1231, 988, 988, 988, 2616, 988
1298, 649, 444, 444, 651, 650, 457, 457, 457, 457
1298, 1914, 1841, 615, 1842, 1841, 1913, 2488, 1745, 2489
1312, 1312, 1345, 436, 436, 1345, 1345, 436, 441, 436
1312, 1345, 1312, 1311, 897, 897, 50, 820, 49, 701
1345, 2359, 2359, 2359, 2360, 2360, 1301, 2360, 1585, 1586
1345, 1344, 1808, 1343, 1809, 2157, 2157, 498, 498, 498
1346, 1347, 1348, 2204, 2692, 1862, 1339, 2204, 677, 2161, 2204, 1116, 678, 61, 60
1346, 1347, 1346, 2209, 2210, 2209, 1346, 1346, 2539, 530, 2692, 521, 2692, 1349
1352, 1352, 1031, 11, 2609, 11, 2197, 127, 127, 542
1378, 165, 165, 2301, 2300, 2301, 2300, 2301, 233, 127
1381, 1381, 1380, 1383, 1383, 1382, 1383, 1382, 1380, 1382
1414, 583, 582, 671, 674, 350, 349, 349, 1573, 2692, 1573
1457, 1456, 1455, 1456, 1308, 1309, 1170, 1311, 1310, 1311
1462, 1364, 539, 924, 539, 924, 924, 2025, 2025, 2025
1462, 127, 280, 2301, 2301, 165, 163, 319, 127, 392
1464, 1464, 1199, 1466, 1466, 198, 1269, 1499, 1269, 2663
1488, 1487, 453, 445, 448, 445, 1446, 1446, 445, 28
1489, 2503, 2529, 2503, 2098, 2031, 1920, 1920, 382, 1919
1502, 232, 1502, 232, 2542, 232, 232, 445, 444, 444
1502, 232, 650, 231, 232, 1935, 1908, 1934, 453, 453
1544, 2565, 201, 201, 198, 1267, 198, 1906, 198, 198
1544, 1544, 1544, 1612, 1321, 868, 176, 176, 176, 1319
1551, 868, 868, 1319, 1323, 1462, 127, 2468, 338, 397
1551, 176, 176, 953, 2692, 952, 396, 953, 952, 2081, 1362, 1402
1580, 1747, 1747, 1746, 1747, 1580, 650, 454, 650, 454
1675, 1675, 804, 1677, 1677, 1761, 1761, 1677, 1677, 1680
1678, 240, 250, 241, 380, 338, 2468, 268, 987, 1511
1685, 13, 13, 1627, 1965, 1965, 1965, 81, 528, 81
1685, 851, 1685, 1684, 1683, 1683, 1684, 1917, 2580, 445
1696, 11, 11, 11, 1031, 1031, 11, 1308, 1309, 1309
1705, 1799, 1799, 49, 624, 2232, 624, 622, 474, 530
1705, 1705, 1705, 1893, 167, 1232, 1369, 1368, 1197, 1238
1710, 1583, 1583, 1710, 1710, 1583, 896, 1583, 1583, 265
1710, 1710, 1710, 1710, 2468, 2468, 127, 1173, 1173, 2692, 1172
1834, 371, 1834, 1834, 1338, 529, 514, 474, 472, 474
1834, 1340, 1340, 1339, 1339, 1341, 1341, 198, 1899, 1899
1850, 1845, 101, 1845, 1845, 1851, 1851, 2486, 2486, 1850
1924, 625, 1924, 1923, 1924, 1316, 1316, 1316, 1924, 625
1961, 1961, 1961, 666, 664, 303, 329, 25, 2248, 2248
1967, 1966, 1549, 184, 754, 754, 184, 184, 754, 180
1967, 1966, 1966, 184, 2692, 754, 2149, 81, 153, 154, 532
1967, 1967, 2393, 136, 978, 1660, 1660, 1660, 1660, 1660
1993, 1995, 2619, 2619, 2619, 1995, 1425, 1421, 1420, 1421
1993, 1994, 1993, 1665, 1665, 956, 956, 956, 1969, 184
2012, 2011, 1059, 2011, 1752, 142, 814, 142, 49, 1174
2012, 1059, 2012, 1060, 1084, 81, 2148, 2148, 1615, 2147
2023, 1346, 2023, 1346, 2023, 1346, 2209, 2209, 2209, 1346
2078, 966, 49, 968, 2692, 354, 966, 274, 704, 1503, 273, 272, 396, 338
2080, 316, 2030, 2030, 316, 313, 319, 1041, 1495, 1747, 2692, 1251
2081, 2081, 854, 1552, 176, 176, 948, 949, 949, 949
2081, 1362, 1362, 1631, 1631, 127, 233, 233, 2300, 2301
2127, 2127, 1476, 1705, 1476, 2127, 2127, 2127, 2127, 2126
2127, 2001, 594, 1586, 1585, 95, 94, 96, 1415, 96
2128, 1670, 2394, 1670, 1155, 1154, 1280, 1240, 1234, 2478
2131, 1162, 127, 492, 744, 127, 233, 2297, 2297, 127
2156, 2155, 2156, 2153, 2153, 2154, 2153, 2156, 2153, 2153
2175, 2175, 1800, 1800, 1800, 2175, 2175, 2174, 1027, 32
2175, 786, 786, 451, 451, 330, 330, 2097, 2097, 330
2184, 2184, 1742, 1635, 1635, 175, 2220, 2220, 2220, 299
2184, 2184, 2184, 1742, 1742, 1742, 1742, 1635, 175, 1807
2199, 2200, 2200, 2200, 2199, 2199, 1041, 744, 127, 699
2270, 218, 1673, 1673, 585, 2550, 585, 585, 2550, 516
2336, 2336, 2336, 152, 152, 152, 152, 2335, 1781, 127
2348, 1011, 568, 483, 2692, 1084, 1408, 1084, 127, 105, 538, 538, 2401
2348, 2348, 774, 773, 1867, 773, 773, 299, 1983, 1030
2351, 2351, 3, 3, 940, 3, 2, 1, 3, 940
2364, 2362, 1015, 2652, 2652, 1015, 2652, 2652, 1015, 1741
2364, 1942, 741, 740, 741, 2330, 741, 921, 738, 742
2433, 803, 801, 802, 2572, 802, 530, 509, 911, 2688
2433, 272, 338, 381, 338, 338, 380, 1533, 1533, 2455
2522, 218, 567, 743, 740, 743, 741, 741, 742, 1449
14, 13, 1677, 1289, 1677, 1761, 2428, 1761, 1761, 2428
28, 471, 470, 2409, 470, 471, 2248, 25, 2575, 25
28, 1690, 1690, 1690, 2697, 11, 529, 529, 514, 1570, 2028, 2692, 908
28, 27, 1403, 667, 2697, 667, 985, 1461, 664, 2659, 1464, 1464, 1464, 2692, 1199
30, 30, 131, 926, 131, 1068, 2654, 103, 101, 101
30, 30, 30, 993, 1441, 860, 735, 860, 860, 1503
30, 1075, 1075, 53, 2692, 53, 2567, 767, 767, 57, 767, 2168, 1439
32, 2303, 2567, 2303, 2666, 2568, 2666, 2568, 2568, 2666
32, 32, 32, 1024, 1024, 46, 1024, 32, 1024, 992
32, 32, 1027, 992, 30, 31, 838, 31, 31, 30
32, 2303, 2567, 2567, 2567, 2567, 2666, 2567, 2666, 2567
33, 33, 33, 32, 1024, 992, 1024, 497, 498, 498
33, 32, 519, 519, 514, 483, 474, 180, 180, 1972, 2692, 178
53, 2628, 139, 142, 1059, 1059, 2011, 597, 2011, 2697, 1752
53, 53, 1376, 1376, 53, 1130, 1131, 1823, 1823, 541
53, 2627, 1376, 1379, 2697, 2193, 2194, 1217, 1067, 924, 548, 165, 1083, 483, 1105
53, 198, 236, 490, 504, 501, 2188, 1577, 2188, 501
53, 53, 2419, 2419, 2419, 2419, 60, 2284, 1883, 1883
53, 1825, 53, 53, 2418, 843, 1009, 843, 841, 843
53, 53, 53, 892, 891, 1283, 2501, 2501, 892, 892
53, 2649, 2649, 53, 53, 53, 1877, 283, 917, 917
53, 2418, 2418, 2418, 53, 2586, 53, 2167, 2574, 253
67, 1212, 127, 2297, 2697, 127, 1917, 1005, 2334, 479, 1136, 373
67, 1212, 269, 259, 269, 1212, 1079, 1106, 1106, 1079
79, 533, 633, 1069, 526, 50, 1202, 50, 1119, 50
79, 76, 76, 78, 78, 78, 78, 76, 76, 76
86, 86, 84, 88, 88, 84, 1110, 169, 168, 165
99, 1642, 99, 100, 2208, 754, 667, 100, 68, 1615, 1825, 100, 1692, 2697, 50
99, 1642, 920, 1642, 1642, 99, 99, 947, 99, 11
99, 49, 49, 49, 2697, 600, 1748, 2678, 1421, 49, 755, 462, 2504, 2504, 1287
102, 102, 68, 101, 49, 2607, 49, 93, 96, 1075, 2697, 683
102, 73, 70, 102, 73, 2409, 2409, 73, 73, 853, 2705, 2697, 102
103, 101, 49, 966, 2678, 2523, 966, 143, 2078, 2078, 237, 1849, 237, 2697, 49
103, 101, 102, 101, 102, 102, 73, 70, 2130, 2705, 2641, 1174, 2678, 2
111, 115, 111, 113, 110, 114, 112, 474, 533, 79
111, 111, 111, 111, 468, 468, 468, 111, 595, 600
120, 120, 1263, 1261, 120, 351, 350, 350, 350, 674
120, 193, 189, 1533, 189, 2585, 212, 10, 212, 1166, 2697, 210
120, 685, 192, 192, 120, 1950, 122, 1950, 1950, 192
120, 120, 1262, 1261, 1261, 1262, 1261, 1264, 1264, 1262
120, 120, 121, 121, 2697, 120, 1262, 1263, 192, 192, 685
123, 124, 271, 161, 270, 1291, 989, 33, 33, 32
123, 123, 122, 122, 406, 2097, 330, 925, 1670, 575
124, 123, 124, 123, 124, 123, 123, 124, 124, 124
144, 861, 198, 1341, 1269, 1341, 1339, 1340, 1835, 1340
151, 182, 184, 184, 752, 180, 754, 2149, 598, 2697, 149
151, 149, 652, 652, 652, 652, 652, 902, 652, 1145
165, 815, 165, 372, 53, 2649, 2628, 139, 139, 808
165, 1376, 2626, 2626, 1379, 1379, 2627, 1379, 53, 1877
165, 767, 53, 841, 53, 2627, 2627, 1379, 2414, 2697, 2414
165, 372, 165, 1371, 165, 1207, 165, 165, 422, 11
165, 1370, 165, 1371, 1008, 1008, 1371, 1725, 53, 892
165, 1372, 1372, 348, 1147, 50, 2019, 198, 1906, 198
176, 1551, 854, 1116, 678, 61, 678, 1119, 50, 2031
176, 2329, 176, 1551, 2697, 2697, 176, 1554, 2239, 1554, 524, 2577, 474, 2697, 514
176, 1551, 854, 1321, 2697, 868, 612, 613, 1242, 1278, 1278
176, 861, 2617, 2617, 2697, 566, 984, 2617, 2617, 861, 861, 862, 934
176, 176, 958, 958, 176, 176, 953, 176, 952, 854
176, 869, 176, 951, 868, 868, 868, 854, 1841, 1915
202, 202, 770, 54, 54, 455, 28, 2103, 445, 198
202, 1391, 202, 57, 1391, 547, 479, 1137, 1138, 1138
206, 239, 239, 246, 273, 274, 273, 275, 25, 2697, 2143
222, 1862, 1862, 1861, 127, 1173, 1173, 127, 1471, 127
222, 225, 1450, 2380, 1706, 116, 1706, 1692, 2304, 421
222, 2492, 1389, 1390, 1388, 1647, 1388, 1388, 1387, 2316
249, 241, 240, 241, 250, 283, 918, 1334, 1334, 1334
254, 253, 255, 255, 299, 299, 299, 2217, 239, 2697, 843
254, 1005, 1569, 1569, 2697, 887, 1437, 777, 747, 1947, 127, 314, 314, 2206
254, 2575, 2575, 956, 1665, 1665, 1993, 1993, 1993, 2697, 1996
255, 255, 253, 1347, 1347, 1346, 2533, 1346, 1347, 2538
255, 251, 251, 240, 840, 840, 840, 2546, 2546, 2546
258, 258, 257, 127, 2697, 29, 2160, 1174, 988, 1787, 2238, 81, 1830, 977
279, 279, 2438, 2438, 1883, 2438, 279, 278, 2386, 2697, 278
507, 507, 474, 474, 508, 755, 49, 966, 1471, 2697, 2078
507, 479, 1109, 95, 95, 1461, 439, 1010, 1010, 1009
518, 49, 624, 49, 49, 852, 49, 443, 446, 768, 2705, 160
518, 518, 474, 479, 547, 479, 2578, 484, 486, 483
625, 1247, 1317, 1247, 1248, 1250, 127, 127, 262, 261
625, 522, 324, 522, 474, 629, 2056, 1507, 533, 533
650, 444, 1448, 1448, 2697, 605, 1448, 1448, 1448, 1798, 296
650, 444, 444, 444, 2697, 445, 456, 445, 924, 446, 855, 2103, 25, 2244
650, 650, 444, 649, 649, 44, 43, 42, 42, 1934
650, 1579, 1579, 1579, 2697, 2411, 1579, 288, 1991, 606, 445, 447, 615, 2697, 1298
659, 1600, 659, 658, 658, 658, 851, 655, 654, 657
659, 657, 654, 2350, 2350, 654, 657, 660, 660, 659
664, 845, 845, 95, 120, 2170, 120, 1262, 1261, 734, 2697, 120
664, 666, 1427, 1428, 565, 1484, 207, 1482, 207, 1483
664, 667, 2513, 666, 1427, 1427, 666, 666, 666, 1959
673, 1699, 673, 672, 675, 672, 1275, 1275, 913, 912
673, 673, 672, 672, 801, 801, 672, 675, 1368, 1519
673, 673, 2141, 1831, 2697, 2566, 1832, 1339, 1339, 1338, 2591, 524
697, 688, 695, 127, 1046, 314, 1114, 1114, 1128, 1124, 678
766, 704, 55, 734, 734, 734, 734, 55, 866, 1630, 1046, 55
766, 704, 2229, 704, 2697, 767, 733, 767, 2332, 860, 13, 1619, 860, 2621, 860
807, 1486, 807, 856, 812, 856, 856, 807, 807, 927
807, 927, 856, 807, 2697, 1485, 807, 927, 2597, 2596, 547, 97, 121, 2697, 120
809, 812, 812, 812, 812, 812, 809, 2064, 2256, 2064
809, 810, 809, 809, 812, 809, 811, 808, 811, 811
809, 812, 812, 856, 927, 2596, 927, 927, 856, 2697, 855
813, 434, 434, 1021, 133, 1569, 1569, 887, 887, 1301
830, 476, 482, 482, 482, 476, 476, 477, 839, 2707
830, 1772, 2537, 1772, 1046, 1772, 2089, 2089, 2089, 1772, 2697, 240
853, 853, 49, 2072, 866, 1838, 1297, 49, 2263, 49, 1105, 1822, 969, 49, 2277
853, 853, 530, 1702, 1702, 1702, 530, 530, 483, 1277, 483
867, 761, 620, 761, 2029, 761, 2027, 53, 53, 2697, 198
874, 874, 874, 418, 2697, 379, 379, 232, 359, 359, 445
877, 127, 696, 696, 127, 233, 2181, 2186, 1432, 1432
877, 750, 2400, 1781, 1327, 1327, 1325, 1327, 1327, 1327
877, 127, 268, 1621, 2697, 268, 2355, 2209, 1549, 2214, 2355, 268, 127, 744
877, 877, 2345, 127, 2697, 2470, 1709, 867, 2242, 2299, 1709, 601, 2533, 1346, 2539
881, 2336, 152, 150, 149, 1393, 2432, 2432, 2432, 2697, 803
882, 263, 1709, 2242, 2242, 1709, 1709, 2242, 2242, 2242
882, 1795, 882, 1795, 463, 1794, 233, 2297, 127, 63
962, 456, 456, 1910, 2697, 447, 1911, 447, 962, 962, 351
962, 458, 458, 962, 456, 455, 1911, 447, 448, 445
969, 301, 2454, 301, 301, 300, 348, 2410, 2410, 1166, 1222, 2697, 348
969, 2077, 691, 691, 691, 127, 1631, 1595, 1595, 2697, 1595
999, 2251, 933, 933, 934, 862, 861, 144, 861, 765
999, 2251, 999, 999, 1046, 180, 1135, 694, 1153, 1705, 474, 474, 528, 81, 82
1012, 1013, 1013, 1014, 1014, 232, 650, 444, 650, 379
1012, 1012, 1011, 1011, 2532, 2532, 1011, 1011, 1011, 1014
1048, 1048, 1047, 483, 379, 2697, 2678, 1073, 483, 1076, 22, 479, 1066, 2697, 1248
1048, 483, 81, 81, 81, 127, 2399, 2399, 1781, 1784
1087, 483, 74, 74, 74, 70, 98, 98, 70, 379, 2697, 69
1087, 530, 1099, 1099, 353, 353, 354, 354, 354, 620, 2697, 254
1116, 854, 950, 868, 950, 955, 136, 774, 774, 136
1116, 854, 950, 1693, 2678, 100, 903, 1789, 903, 100, 908, 2697, 483
1133, 1133, 49, 755, 755, 49, 1744, 49, 1799, 2692, 1893
1133, 1133, 49, 1174, 1174, 1174, 49, 969, 1830, 2351, 899, 38, 2678, 969
1140, 1139, 1141, 1141, 1139, 356, 357, 356, 1362, 1397
1140, 2214, 2368, 2369, 147, 147, 149, 149, 652, 520
1165, 2119, 1479, 832, 832, 832, 551, 1794, 463, 463
1229, 1670, 1968, 1966, 1966, 1845, 1966, 184, 1548, 1547
1229, 1618, 1229, 483, 2678, 1992, 2238, 2565, 2238, 988, 2684, 1052, 1053
1229, 483, 1087, 530, 474, 479, 640, 639, 483, 1356
1301, 1305, 289, 1305, 1305, 1759, 1305, 1760, 1035, 1568, 2697, 1035
1301, 1900, 1901, 1901, 198, 1372, 1987, 168, 168, 490
1301, 1304, 1301, 1301, 1300, 1301, 2360, 2315, 2360, 2359
1312, 2287, 2287, 91, 2692, 131, 172, 91, 1807, 441, 441, 441
1312, 367, 367, 2271, 1807, 436, 436, 1807, 175, 2697, 2220
1346, 1346, 1346, 2539, 1349, 1347, 253, 252, 253, 252
1346, 1346, 2209, 50, 1500, 1500, 53, 2114, 53, 52
1352, 688, 127, 1005, 1929, 1005, 127, 686, 686, 696
1381, 1380, 1381, 2311, 2309, 1877, 2073, 2310, 2310, 2074
1414, 305, 305, 1191, 2697, 832, 231, 833, 2009, 2051, 2409, 2452, 73, 2695, 68
1415, 541, 2355, 127, 266, 127, 888, 889, 1116, 2204
1415, 1415, 684, 684, 420, 421, 425, 425, 422, 422
1457, 1450, 1450, 1450, 1457, 1457, 1450, 2380, 1450, 2697, 1450
1489, 2503, 2503, 1489, 1489, 40, 39, 40, 1489, 40
1502, 860, 705, 705, 2671, 2671, 2671, 2314, 2671, 705
1502, 1502, 1135, 1135, 1135, 1134, 931, 2318, 931, 1737
1580, 1747, 1580, 288, 1953, 288, 25, 454, 454, 445
1588, 1589, 1588, 1589, 1403, 667, 667, 667, 1841, 1841
1588, 2506, 1588, 1589, 1587, 2426, 849, 1708, 1055, 780
1678, 1677, 1678, 1678, 2692, 287, 1324, 2255, 2697, 1677, 1289, 1858, 1287, 2504, 2504
1685, 1685, 1684, 1684, 2697, 1685, 1684, 1684, 1932, 136, 2697, 1515
1685, 1685, 13, 13, 13, 15, 15, 17, 18, 17
1696, 11, 1308, 1456, 2678, 1457, 1457, 1450, 219, 606, 1416
1710, 1712, 1613, 1712, 1710, 1710, 263, 127, 1005, 127
1710, 1711, 1710, 1711, 1711, 263, 1709, 127, 417, 688
1729, 1128, 1128, 1128, 2697, 1410, 2634, 1128, 1128, 1729, 2518, 92, 648, 1223, 688
1729, 1731, 214, 1981, 1921, 1921, 1981, 1981, 213, 165
1830, 446, 445, 460, 445, 460, 445, 2103, 445, 2058
1830, 446, 1830, 969, 2692, 2678, 2077, 532, 410, 868, 723, 869, 868, 854, 1841
1900, 1900, 198, 1973, 198, 53, 767, 1663, 767, 53
1900, 1900, 2168, 2168, 1439, 2168, 2168, 2168, 1664, 2168
1923, 1084, 1923, 1922, 1922, 1338, 1338, 371, 372, 187
1923, 1924, 625, 625, 1247, 1317, 1247, 1559, 1017, 1070
1924, 625, 1924, 1923, 1923, 1922, 635, 635, 635, 127
1961, 1961, 666, 666, 666, 2097, 406, 338, 386, 245
1967, 1967, 1670, 2395, 2395, 2389, 2395, 2389, 2395, 2395
1967, 2481, 2481, 270, 1169, 1169, 1169, 2405, 2405, 1169
1967, 1670, 1670, 1670, 2697, 2394, 1814, 1457, 749, 1670, 1158, 242, 1158, 2697, 1493
1973, 1750, 1976, 1750, 1752, 997, 1750, 87, 87, 87
1973, 198, 1900, 1901, 483, 542, 127, 127, 1781, 1166, 2692, 2085
1993, 2261, 2261, 2490, 808, 1433, 1644, 1643, 381, 1644
1993, 1992, 1993, 1993, 1993, 1992, 1993, 1993, 1993, 1992
2012, 1059, 1060, 999, 999, 999, 997, 1753, 1751, 997
2012, 1060, 803, 2433, 272, 1852, 1852, 1852, 1852, 1852
2078, 2078, 2078, 966, 127, 1185, 127, 1005, 127, 542
2117, 2117, 1331, 2117, 2288, 2117, 2288, 2117, 1331, 2697, 1331
2117, 2117, 2290, 449, 167, 167, 168, 168, 168, 168
2127, 2126, 2417, 2417, 2417, 2126, 2126, 2417, 942, 944
2127, 2127, 890, 890, 2501, 1283, 2220, 2607, 49, 2692, 2678, 899
2128, 2128, 2128, 2128, 2128, 1753, 1751, 1751, 1753, 1166, 2697, 1753
2131, 2131, 1529, 181, 184, 181, 184, 1968, 300, 2678, 2697, 300
2141, 2141, 2141, 2141, 2141, 2141, 1831, 1832, 2288, 2117
2156, 2153, 2156, 2234, 2678, 2692, 999, 11, 296, 11, 1670, 768, 704, 2678, 52
2175, 2175, 786, 788, 786, 786, 788, 788, 2587, 788
2175, 2174, 2174, 1027, 1027, 1800, 1802, 1802, 2277, 2697, 1802
2184, 1742, 2296, 1052, 971, 971, 972, 233, 127, 2697, 1468
2184, 2184, 2183, 2181, 2186, 1432, 1432, 2407, 2407, 1926
2199, 2200, 2693, 2200, 2199, 2199, 1051, 971, 200, 202
2200, 2693, 2693, 2200, 2200, 2199, 2200, 2693, 2200, 2199
2214, 2368, 2214, 2368, 2368, 2369, 147, 149, 2150, 2150
2214, 2215, 2590, 2590, 2215, 2590, 470, 2650, 273, 273
2240, 263, 474, 112, 111, 468, 362, 2472, 2267, 2267
2240, 127, 297, 127, 2683, 378, 2217, 692, 692, 1105, 127, 569, 297, 127, 2464
2270, 218, 2270, 1750, 1975, 1252, 1252, 1253, 1253, 2697, 2697, 312
2278, 990, 2526, 990, 2278, 2278, 990, 2278, 2109, 2257
2336, 881, 49, 49, 2678, 2245, 596, 276, 276, 2288, 276, 49, 903, 2678, 49
2351, 11, 11, 709, 711, 985, 985, 986, 986, 986
2364, 2364, 1015, 2364, 2208, 2362, 220, 2364, 1741, 1741, 1015, 2642
2364, 2364, 2362, 1015, 2678, 2678, 48, 2642, 1554, 1395, 1395, 1395, 2083
2433, 1566, 396, 396, 2678, 272, 2433, 803, 2655, 2205, 803, 2697, 1696, 2678, 803
2433, 272, 1661, 1661, 2678, 199, 200, 200, 200, 971, 299, 2678, 971
2440, 2196, 1607, 2196, 1811, 2495, 2495, 2496, 1811, 304
2515, 2506, 2667, 2667, 2667, 2506, 2667, 1983, 1983, 2557
2522, 2522, 218, 1933, 447, 2071, 835, 835, 2315, 1407
2523, 1967, 2393, 2279, 405, 405, 2498, 1704, 2498, 2697, 2697, 2279
2534, 1176, 127, 321, 127, 688, 127, 693, 127, 1821
2534, 2364, 1015, 2366, 1015, 2363, 11, 712, 677, 2534
2608, 348, 530, 909, 2678, 2697, 1048, 2190, 483, 1697, 2090, 509, 609, 547, 293
14, 14, 14, 992, 14, 14, 13, 1686, 1686, 1686
28, 26, 26, 26, 26, 2570, 26, 26, 28, 471
28, 26, 26, 1252, 1990, 1253, 1989, 315, 315, 702, 2678, 315
28, 445, 2212, 445, 445, 207, 1484, 1484, 973, 1484
30, 30, 1153, 355, 355, 353, 355, 355, 355, 353
30, 992, 1027, 32, 2303, 1692, 1692, 50, 735, 50
30, 990, 990, 990, 30, 993, 30, 30, 993, 30
32, 865, 19, 19, 19, 1686, 182, 182, 1646, 2351
32, 294, 1603, 330, 326, 327, 330, 925, 330, 330
32, 2303, 2188, 2188, 2188, 501, 498, 498, 438, 498
32, 710, 710, 1617, 11, 709, 11, 2604, 11, 2692, 11
33, 35, 35, 35, 33, 34, 33, 1618, 710, 712
33, 34, 34, 1164, 2678, 563, 1162, 1057, 1027, 1638, 1027, 32, 32
53, 248, 240, 2177, 2177, 240, 251, 1001, 1259, 1556
53, 2033, 2033, 2033, 53, 2586, 2586, 95, 2478, 2479
53, 841, 239, 239, 845, 845, 845, 239, 846, 2230
53, 1616, 1616, 1942, 2366, 2366, 2534, 2366, 2366, 2534
53, 2649, 165, 168, 167, 167, 93, 94, 94, 94
53, 53, 53, 53, 53, 371, 1093, 483, 1091, 1201
53, 785, 808, 2490, 808, 2261, 808, 808, 808, 139
53, 1044, 53, 1825, 1826, 1825, 1826, 1826, 1825, 1825
53, 785, 53, 2033, 1879, 1881, 1880, 1879, 1879, 1882
67, 1226, 127, 1471, 127, 1944, 203, 200, 203, 203
67, 1212, 1213, 1780, 2697, 1779, 730, 1779, 1779, 2066, 2678, 1211
79, 533, 533, 633, 635, 2022, 127, 987, 127, 750
79, 533, 638, 631, 2672, 2672, 1838, 1837, 2083, 2176
86, 84, 84, 84, 85, 83, 83, 1245, 26, 26
99, 99, 100, 2283, 100, 780, 780, 100, 653, 653
99, 99, 99, 11, 11, 2451, 11, 2363, 11, 1308
99, 100, 652, 652, 1147, 1147, 348, 348, 348, 530
102, 103, 68, 49, 966, 1471, 1957, 1957, 237, 966
102, 103, 2654, 1068, 1069, 1069, 601, 483, 1082, 483
103, 68, 68, 1688, 233, 309, 309, 309, 11, 514
103, 2654, 103, 102, 101, 103, 2654, 103, 101, 100
111, 111, 114, 114, 2678, 2678, 109, 2691, 728, 1867, 2649, 2539, 2539, 1346, 1346
111, 113, 113, 111, 110, 111, 113, 111, 114, 1265
120, 834, 2314, 2671, 2671, 705, 860, 1441, 1440, 528
120, 95, 2611, 95, 439, 943, 439, 92, 92, 92
120, 1008, 1371, 1008, 1325, 1330, 1558, 299, 299, 1342
120, 120, 120, 1008, 682, 682, 682, 2612, 96, 1859
120, 685, 192, 120, 1008, 1859, 1859, 120, 1001, 1257
123, 123, 2168, 123, 2625, 2625, 2625, 2625, 2625, 2625
123, 2625, 1794, 1794, 2678, 1360, 2625, 2625, 1794, 2651, 1972, 2625, 2625, 2678, 2625
124, 271, 1020, 271, 673, 675, 1368, 1149, 1149, 127
144, 861, 1106, 483, 542, 542, 483, 514, 514, 2678, 100
151, 147, 147, 149, 147, 2096, 147, 149, 149, 150
151, 149, 652, 1147, 1700, 1390, 1388, 1014, 1014, 1014
165, 1573, 349, 349, 1573, 349, 2180, 2180, 349, 350
165, 165, 434, 434, 1021, 433, 433, 431, 2489, 2489
165, 2649, 2649, 2649, 2649, 2628, 2628, 2649, 165, 2649
165, 422, 422, 11, 710, 709, 374, 374, 565, 565
165, 369, 368, 368, 368, 368, 368, 368, 368, 369
165, 165, 1375, 2224, 1836, 16, 15, 2193, 2194, 2193
176, 176, 176, 950, 954, 954, 954, 954, 1603, 330
176, 1550, 868, 951, 854, 1178, 854, 1049, 1049, 2081
176, 1319, 868, 1320, 1319, 2082, 1049, 176, 951, 854
176, 91, 90, 91, 91, 175, 435, 436, 436, 436
176, 958, 176, 2454, 176, 176, 868, 2081, 952, 952
176, 952, 854, 1319, 854, 952, 953, 950, 176, 1321
202, 202, 57, 1391, 2678, 1136, 1388, 1388, 1613, 2144, 1033, 565, 1712, 1710, 2057
202, 770, 55, 770, 2678, 770, 704, 2027, 704, 704, 706
206, 205, 205, 1295, 2464, 127, 1823, 127, 920, 127
222, 226, 1358, 226, 226, 219, 1358, 226, 1960, 2695, 1960
222, 222, 222, 225, 222, 226, 1358, 1862, 222, 227
222, 226, 226, 1960, 127, 280, 1468, 127, 1177, 127
249, 249, 249, 249, 249, 249, 241, 250, 285, 256
254, 254, 1603, 254, 254, 251, 255, 255, 184, 1442
254, 565, 565, 574, 1840, 616, 1840, 574, 574, 565
254, 252, 254, 2575, 254, 1005, 1005, 127, 1512, 1512
255, 255, 255, 184, 844, 184, 752, 752, 752, 184
255, 134, 1016, 134, 134, 134, 134, 1016, 2361, 2361
258, 257, 127, 688, 2697, 550, 695, 884, 688, 282, 799, 1161, 1161, 244, 1406
279, 279, 2438, 279, 2438, 2438, 2438, 279, 278, 127
427, 428, 662, 2097, 2097, 662, 665, 929, 2059, 449
505, 2646, 2646, 505, 474, 529, 474, 483, 642, 1101
505, 2646, 505, 603, 2406, 1841, 854, 868, 948, 2678, 176
505, 474, 520, 153, 419, 153, 152, 152, 2599, 2599
555, 1413, 1413, 1413, 1434, 1434, 1413, 870, 1413, 555
555, 1815, 1559, 848, 848, 1160, 1160, 299, 1160, 1670
555, 555, 81, 1084, 1084, 1819, 1819, 1819, 640, 2424
555, 403, 403, 338, 712, 710, 710, 710, 709, 11
555, 1817, 1670, 2128, 1753, 1059, 1753, 997, 1751, 525
555, 508, 555, 1229, 555, 1815, 11, 38, 1273, 2235
588, 1421, 1423, 1423, 1423, 1423, 1421, 414, 1181, 1181
588, 589, 2632, 1393, 1277, 1277, 1109, 479, 479, 626
625, 160, 153, 153, 520, 1278, 479, 479, 507, 509
625, 324, 459, 445, 28, 27, 303, 664, 1464, 1464
650, 232, 2532, 232, 232, 650, 456, 445, 2058, 1462
650, 2548, 184, 1549, 184, 2093, 2094, 2094, 2094, 2094
650, 359, 359, 445, 1173, 127, 126, 126, 130, 126
650, 232, 231, 288, 288, 25, 25, 454, 445, 456
659, 654, 661, 661, 654, 662, 428, 429, 755, 755
659, 1600, 2100, 1528, 2100, 1528, 1528, 1529, 1526, 1528
673, 1273, 673, 674, 674, 350, 2056, 2056, 350, 350
673, 673, 672, 673, 2678, 675, 1275, 675, 675, 1275, 1275
673, 672, 675, 2478, 2480, 2479, 1280, 1240, 1241, 1242
697, 2340, 2339, 1947, 1145, 2274, 2274, 2274, 864, 2452
756, 1522, 1369, 2307, 824, 2518, 2518, 2518, 2512, 2697, 2255
756, 756, 1888, 1888, 1889, 2491, 2491, 1889, 2343, 2343
766, 861, 1991, 1991, 2678, 861, 861, 920, 865, 2579, 861, 861, 1971, 2557
766, 861, 861, 861, 766, 55, 54, 202, 55, 55
803, 2433, 2433, 803, 2697, 342, 803, 1060, 1060, 1061, 1396, 2678, 1395
803, 803, 2433, 2433, 1566, 1566, 396, 463, 517, 421
807, 856, 859, 859, 859, 856, 929, 856, 855, 856
807, 856, 856, 929, 929, 539, 924, 924, 131, 994
813, 434, 434, 431, 1574, 1574, 1574, 431, 1574, 2678, 431
830, 829, 1113, 1203, 1113, 678, 1119, 50, 1120, 1120
830, 476, 476, 482, 476, 475, 476, 476, 476, 2265, 968, 2692, 480
867, 867, 2546, 171, 171, 759, 758, 839, 1219, 1218
874, 874, 873, 874, 874, 873, 874, 873, 1845, 1844
877, 878, 963, 406, 2678, 120, 1262, 2402, 1262, 1262, 120
877, 877, 877, 127, 1928, 127, 689, 1771, 1770, 1771
877, 2345, 127, 695, 127, 1040, 2353, 259, 492, 17
877, 257, 877, 1581, 1582, 750, 127, 203, 203, 127
882, 1596, 1596, 882, 263, 127, 17, 15, 19, 19
882, 882, 883, 882, 263, 263, 263, 1710, 1583, 1328
898, 898, 896, 508, 474, 514, 474, 532, 635, 1922
898, 1307, 1755, 1755, 1307, 1306, 62, 1306, 1307, 1307
920, 233, 1688, 288, 288, 230, 229, 229, 232, 1865
920, 233, 309, 233, 2678, 1332, 309, 1715, 1715, 516, 550, 516
962, 458, 448, 447, 448, 448, 445, 445, 458, 458
962, 447, 2211, 1579, 2211, 2211, 1579, 650, 1579, 2211
999, 1060, 1059, 138, 139, 143, 423, 423, 421, 422
999, 999, 2126, 2417, 942, 2417, 2417, 942, 2233, 2233
1048, 483, 1356, 483, 2695, 2632, 530, 1345, 299, 2593, 1465, 1448, 1465, 108, 1340
1048, 1048, 483, 484, 2678, 527, 1836, 1974, 1322, 1974, 1374, 1974
1076, 483, 1088, 483, 2678, 865, 546, 512, 969, 1809, 528, 81, 153, 81
1076, 483, 607, 483, 2678, 515, 1229, 1228, 2424, 37, 11, 2220, 711, 421, 2304
1087, 380, 241, 240, 251, 240, 242, 242, 1396, 1396
1087, 1087, 483, 523, 523, 2559, 2688, 2688, 2559, 523
1116, 2204, 2119, 1116, 854, 854, 2076, 1780, 1496, 2167, 2623, 1213, 2066, 2066, 2066
1116, 1116, 1116, 678, 1126, 1126, 1128, 678, 452, 678
1128, 1990, 1128, 1117, 49, 49, 49, 49, 219, 2165, 52, 51, 544, 2678, 51
1128, 1175, 1122, 1128, 2695, 678, 1575, 1117, 678, 1125, 1123, 2678, 1125
1128, 2204, 2255, 2255, 2512, 2265, 2265, 2265, 1128, 1778, 2692, 1118
1128, 1128, 2443, 854, 950, 176, 861, 861, 765, 53
1133, 1133, 1306, 2675, 62, 1314, 2337, 2337, 1306, 1824
1133, 1306, 1758, 62, 2337, 1314, 62, 62, 60, 62
1140, 2214, 2214, 2214, 2214, 667, 845, 667, 667, 1334
1140, 1140, 1140, 1157, 2678, 1397, 1362, 1362, 1362, 1448, 1362
1165, 1165, 1163, 1165, 1165, 1163, 1842, 1842, 1163, 2678, 1057
1224, 1224, 1224, 687, 970, 687, 687, 63, 63, 127
1231, 1232, 1232, 2037, 2037, 2037, 2036, 2279, 2279, 2507
1297, 973, 974, 975, 974, 974, 652, 652, 1142, 1142
1297, 614, 614, 1296, 1296, 218, 1472, 623, 623, 586
1312, 1478, 832, 1478, 1478, 299, 2218, 299, 520, 643
1312, 64, 687, 970, 2678, 970, 773, 1868, 1868, 1300, 1300
1345, 1344, 1345, 1344, 1344, 1335, 1546, 1546, 1468, 1070
1345, 1312, 1347, 1346, 1346, 1346, 2209, 2209, 2210, 855
1352, 379, 514, 514, 11, 853, 49, 969, 701, 49, 701
1414, 305, 305, 567, 1156, 242, 1396, 242, 242, 242
1457, 1456, 1455, 1456, 1456, 1457, 1450, 1450, 219, 606
1463, 263, 263, 1463, 2678, 1516, 1463, 1463, 2171, 1354, 1463, 263, 474, 507
1463, 1463, 750, 1462, 750, 1582, 996, 892, 892, 890
1488, 1545, 1545, 1335, 1344, 1345, 436, 435, 1806, 1806
1489, 2503, 1489, 2503, 2098, 1276, 1363, 1276, 800, 800
1502, 860, 860, 735, 735, 860, 860, 50, 1640, 1639
1502, 860, 1502, 1135, 1502, 1502, 1502, 1502, 115, 117
1544, 2565, 1987, 168, 165, 1370, 1574, 1370, 1576, 127
1544, 975, 585, 2631, 2631, 2631, 585, 584, 1437, 1437
1580, 1747, 1747, 1746, 1747, 1746, 1269, 1341, 198, 201
1588, 27, 2214, 2215, 2214, 2368, 2368, 2214, 2213, 2214
1588, 1589, 1589, 1589, 1589, 1403, 1403, 27, 2213, 27
1656, 1303, 1304, 895, 1301, 1301, 1301, 1900, 1996, 2165
1678, 240, 840, 840, 240, 2085, 240, 242, 242, 1407
1685, 851, 1685, 851, 655, 654, 653, 654, 2640, 2678, 654
1685, 13, 14, 13, 13, 1677, 1761, 1677, 1677, 1679
1696, 1696, 100, 1143, 100, 68, 99, 947, 945, 1476
1710, 1711, 1710, 2376, 127, 311, 127, 1084, 1190, 1290
1710, 1710, 263, 263, 263, 127, 692, 692, 127, 746
1850, 1850, 1851, 1850, 2486, 2486, 2486, 2486, 754, 184
1920, 1920, 1920, 382, 20, 16, 16, 1836, 16, 19
1920, 388, 338, 392, 127, 127, 541, 127, 393, 2604, 2697, 2697, 338
1924, 1316, 60, 1316, 1924, 1923, 1923, 1923, 1922, 1923
1961, 666, 2513, 1887, 2219, 299, 467, 467, 299, 2220
1967, 1966, 184, 1966, 1845, 601, 1086, 408, 408, 351
1967, 1670, 330, 330, 330, 1006, 1398, 1493, 1398, 1362
1967, 1967, 2390, 2390, 184, 302, 184, 2390, 2390, 2390
1993, 1993, 1665, 569, 565, 565, 375, 185, 340, 1314
1993, 1992, 1993, 1995, 1994, 2618, 2620, 2620, 2618, 483
2012, 1059, 138, 138, 814, 1417, 439, 2152, 2152, 661
2012, 1059, 41, 42, 2678, 42, 1577, 2190, 2190, 1084, 127
2052, 1325, 1325, 1008, 1325, 750, 2400, 127, 1226, 127
2078, 1471, 1071, 49, 2678, 1593, 750, 1593, 1593, 49, 237
2081, 868, 868, 2081, 854, 1319, 854, 854, 2077, 868
2081, 868, 176, 1319, 854, 104, 73, 70, 70, 140, 141, 73
2117, 2118, 1430, 2118, 2117, 2118, 1430, 1430, 252, 973
2117, 2289, 423, 146, 422, 2304, 1692, 1692, 2304, 2304
2127, 2001, 2001, 1584, 358, 357, 359, 232, 232, 1502
2127, 890, 572, 890, 889, 1116, 1116, 889, 889, 889
2128, 1753, 1751, 525, 525, 525, 474, 474, 483, 474
2131, 2131, 1164, 1163, 1165, 34, 1163, 1164, 1057, 1057
2141, 2142, 2141, 2141, 2142, 2142, 2141, 1831, 2141, 2141
2156, 2155, 2153, 2153, 2154, 2153, 2156, 2155, 2154, 2697, 2155
2175, 2174, 2174, 2174, 557, 2174, 2174, 1027, 2479, 2427
2175, 1800, 1802, 1800, 1800, 1801, 1763, 916, 283, 2007
2184, 1742, 2184, 2184, 776, 775, 427, 428, 2099, 428
2184, 2185, 2185, 2422, 2692, 127, 1781, 2398, 2398, 1781, 2335
2214, 483, 1081, 483, 2678, 306, 474, 474, 1201, 692, 2131, 474, 479, 524
2214, 1140, 1157, 1397, 541, 542, 127, 1724, 127, 2697, 1040
2240, 541, 541, 1005, 2678, 1929, 2484, 2262, 420, 999, 180, 180
2240, 263, 127, 262, 486, 486, 801, 2583, 41, 41
2270, 218, 1673, 1808, 1808, 1808, 1673, 218, 1617, 708
2318, 2318, 2318, 2319, 2318, 1013, 1172, 1013, 2348, 774
2318, 2073, 1609, 2073, 2311, 2311, 2311, 2309, 2322, 2309
2336, 2336, 1990, 881, 49, 49, 1115, 101, 68, 102, 1911, 2202, 102, 73, 2409
2348, 2158, 2347, 1199, 820, 701, 820, 820, 846, 90
2348, 2349, 266, 127, 696, 696, 696, 688, 691, 1416, 127, 2678, 688
2351, 3, 2351, 11, 2351, 11, 296, 294, 1603, 330
2364, 2362, 1741, 1741, 2678, 1039, 2115, 274, 534, 1598, 1598, 1513, 1511
2364, 1942, 2366, 1942, 1741, 1039, 742, 740, 741, 742
2433, 2433, 2433, 1566, 1566, 2433, 2433, 2433, 803, 2431
2433, 272, 391, 761, 761, 838, 31, 31, 30, 991
2522, 218, 2189, 2639, 2499, 2088, 2088, 1728, 2088, 1728
2523, 218, 1769, 218, 2189, 2189, 218, 1296, 1296, 1215
14, 13, 1685, 1685, 13, 1685, 1796, 1685, 1796, 1685
14, 13, 1628, 1628, 1628, 1628, 1287, 1190, 750, 1593
14, 14, 992, 14, 14, 992, 992, 30, 131, 1021
28, 28, 455, 1911, 1911, 1911, 1911, 1506, 1506, 1506
28, 27, 327, 1652, 1652, 327, 25, 288, 1953, 68
28, 2494, 28, 445, 1935, 232, 2659, 2663, 1269, 1746
30, 31, 838, 31, 2695, 31, 31, 31, 838, 31, 30
30, 1153, 2569, 1153, 355, 650, 444, 454, 1579, 650
30, 990, 1155, 1155, 1154, 1280, 2480, 1280, 1240, 1279
32, 472, 2254, 472, 473, 2029, 761, 1194, 761, 761
32, 865, 2377, 1577, 42, 43, 42, 299, 520, 2146
32, 519, 519, 483, 2214, 2215, 2590, 2590, 1339, 1832
33, 34, 33, 34, 1164, 1164, 1163, 1165, 1165, 1163
33, 33, 33, 1022, 1022, 1022, 33, 35, 105, 35
33, 32, 1026, 2303, 1692, 100, 780, 780, 1054, 1755
53, 1130, 1130, 1130, 1131, 1131, 1130, 53, 649, 649
53, 765, 765, 1379, 1238, 1030, 1983, 1310, 1983, 2041
53, 2114, 2236, 1456, 11, 2356, 2356, 1559, 1017, 131
67, 65, 1917, 1917, 1917, 1917, 448, 1909, 1909, 2212
67, 542, 543, 540, 543, 542, 67, 67, 1214, 1190
67, 1214, 1190, 1290, 1925, 1084, 1290, 127, 1631, 929
79, 1188, 534, 1637, 1636, 1948, 1636, 1607, 2007, 283
79, 79, 79, 76, 78, 76, 525, 1751, 981, 1751
79, 634, 76, 525, 520, 593, 218, 975, 1544, 1544
86, 86, 86, 86, 86, 86, 86, 84, 83, 1863
86, 86, 84, 2273, 1197, 360, 360, 229, 228, 228
86, 84, 85, 85, 83, 1296, 1215, 1296, 218, 2270
99, 1642, 1642, 99, 99, 68, 101, 101, 1845, 1851
99, 1642, 2661, 2661, 1642, 2661, 1642, 920, 1642, 99
99, 825, 826, 825, 825, 381, 338, 403, 403, 398
102, 73, 69, 73, 2409, 2051, 2051, 2051, 2409, 470
102, 103, 2654, 103, 101, 100, 903, 2072, 2072, 220
102, 68, 104, 854, 1321, 868, 1551, 854, 1552, 854
103, 68, 49, 2563, 50, 1664, 1663, 1847, 1847, 330
103, 102, 103, 68, 102, 103, 103, 68, 102, 68
103, 2654, 103, 68, 103, 102, 73, 69, 1163, 1842
111, 111, 595, 595, 595, 597, 1953, 1059, 1953, 288
111, 468, 111, 112, 111, 115, 115, 111, 595, 599
111, 110, 109, 113, 109, 110, 111, 1206, 111, 468
120, 1490, 120, 1859, 964, 1950, 688, 688, 323, 323
120, 193, 1262, 1261, 1264, 1261, 1262, 2402, 2402, 1732
120, 834, 2048, 543, 540, 543, 415, 408, 409, 408
123, 123, 2625, 1794, 233, 2301, 2300, 2301, 165, 434
123, 122, 809, 2064, 2064, 2256, 2256, 2256, 2256, 1926
123, 122, 123, 123, 124, 139, 143, 143, 423, 8
124, 124, 139, 124, 271, 243, 247, 240, 242, 1407
124, 271, 808, 2068, 2447, 2447, 1517, 2069, 1517, 2447
124, 124, 139, 140, 140, 139, 124, 124, 139, 146
144, 861, 1106, 483, 1106, 2444, 2444, 1098, 483, 1230
144, 139, 145, 814, 1250, 814, 137, 137, 134, 255
144, 144, 144, 144, 144, 144, 861, 1499, 266, 266
151, 150, 1393, 149, 598, 2149, 1188, 79, 79, 76
151, 150, 150, 150, 2356, 2356, 150, 149, 149, 598
151, 149, 150, 150, 150, 150, 152, 2336, 2336, 2336
165, 422, 1541, 136, 978, 136, 1932, 1006, 1006, 1006
165, 168, 168, 168, 490, 504, 501, 2387, 501, 498
165, 1374, 165, 1931, 165, 1374, 614, 1374, 614, 1296
176, 2329, 176, 952, 1322, 854, 681, 680, 1552, 854
176, 1204, 176, 868, 176, 1204, 2014, 1204, 2014, 1824
176, 176, 958, 957, 957, 176, 1319, 80, 76, 1028
202, 202, 1391, 57, 54, 57, 57, 54, 701, 820
202, 202, 54, 701, 702, 49, 2443, 854, 80, 854
202, 55, 734, 55, 57, 202, 57, 55, 55, 54
206, 239, 717, 716, 388, 1812, 1812, 1812, 1812, 1812
206, 206, 239, 705, 705, 860, 50, 2622, 2621, 50
206, 205, 1295, 1469, 1295, 1295, 1469, 2466, 2466, 2697, 235
222, 224, 1359, 226, 1359, 1360, 1360, 1360, 1608, 2321
222, 224, 818, 819, 818, 818, 224, 221, 955, 1241
222, 223, 222, 223, 2483, 223, 1862, 222, 1864, 1864
249, 241, 240, 239, 845, 95, 93, 95, 95, 998
249, 240, 1962, 892, 53, 800, 2382, 1787, 1787, 1779
249, 241, 249, 249, 249, 249, 241, 240, 244, 1406
254, 2575, 25, 326, 331, 365, 365, 334, 333, 338
254, 569, 802, 569, 569, 569, 646, 647, 2445, 647
254, 2347, 254, 565, 570, 565, 575, 49, 969, 968
258, 257, 127, 278, 127, 2160, 988, 1097, 483, 343
258, 2679, 2679, 2679, 258, 2679, 2679, 2344, 2679, 258
258, 258, 258, 257, 258, 2679, 2679, 2344, 2097, 406
279, 279, 278, 279, 278, 278, 127, 920, 127, 700
279, 2438, 279, 2438, 1883, 1880, 1880, 1958, 393, 1958
279, 278, 2386, 435, 2386, 2386, 2386, 278, 280, 280
292, 2639, 292, 292, 2639, 2639, 2189, 218, 2523, 1967
292, 291, 1028, 76, 634, 76, 80, 854, 951, 854
292, 292, 291, 549, 573, 2330, 2327, 2328, 559, 560
409, 1263, 1262, 2402, 2402, 1262, 1263, 1262, 2402, 1732
409, 1263, 192, 192, 1950, 1951, 1507, 2057, 1507, 2054
409, 1263, 1261, 1263, 120, 834, 2050, 834, 820, 820
427, 427, 428, 429, 755, 508, 756, 508, 474, 526
427, 775, 772, 771, 495, 771, 184, 300, 301, 2455
427, 426, 426, 2100, 2441, 126, 27, 2143, 2144, 1831
505, 505, 601, 505, 2373, 1901, 483, 1078, 483, 1098
505, 2646, 1927, 493, 1927, 11, 1617, 218, 293, 498
505, 483, 597, 2011, 1752, 1305, 1759, 1305, 1752, 1305
511, 511, 1149, 1149, 17, 1149, 1368, 675, 1233, 675
511, 49, 820, 1479, 832, 1435, 1435, 555, 2176, 555
511, 515, 511, 515, 518, 49, 1593, 2, 1593, 1592
625, 625, 1924, 1923, 635, 1923, 1922, 1922, 635, 635
625, 1924, 1316, 1102, 153, 419, 424, 419, 417, 590
625, 1247, 1247, 1317, 1247, 1248, 155, 1316, 1316, 60
659, 1601, 1601, 1601, 659, 2320, 659, 658, 851, 2660
659, 660, 660, 659, 654, 661, 661, 2152, 1980, 1980
659, 659, 654, 660, 657, 660, 654, 653, 1139, 28
664, 665, 239, 845, 664, 1745, 664, 668, 668, 2541
664, 664, 668, 2109, 2381, 2510, 2510, 1743, 1, 1
664, 1464, 1464, 1464, 1199, 1465, 299, 2070, 2071, 447
667, 667, 667, 2214, 2214, 667, 2513, 666, 1072, 484
667, 2214, 1140, 2214, 2213, 27, 676, 1493, 676, 271
667, 667, 2214, 667, 845, 845, 943, 845, 943, 845
673, 675, 1233, 1234, 1082, 1082, 1082, 1082, 1082, 1082
673, 1273, 1274, 1273, 2235, 2235, 2235, 2234, 2235, 2234
673, 673, 672, 672, 801, 803, 2431, 1393, 1392, 1363
697, 2340, 1824, 1954, 127, 749, 751, 751, 683, 683
697, 1627, 697, 697, 2340, 2339, 2014, 1498, 2340, 541
697, 697, 697, 697, 1627, 13, 1627, 1627, 13, 1627
766, 202, 202, 770, 861, 766, 704, 769, 53, 2627
766, 846, 766, 861, 865, 1325, 1326, 929, 539, 929
766, 846, 2497, 558, 2378, 2378, 219, 1358, 1861, 127
807, 1486, 807, 927, 2596, 2596, 927, 927, 927, 807
807, 1485, 1119, 1485, 1119, 1119, 678, 1122, 1128, 1729
807, 856, 928, 172, 91, 2287, 91, 172, 928, 928
813, 434, 434, 431, 2489, 1745, 1745, 1745, 2488, 1913
813, 434, 434, 434, 434, 431, 894, 891, 890, 891
813, 434, 165, 1371, 1371, 1725, 53, 1877, 2073, 2319
841, 239, 2475, 977, 1605, 1605, 1605, 2477, 1285, 977
841, 843, 2586, 95, 439, 1220, 839, 29, 839, 758
841, 2167, 2168, 1664, 1663, 262, 1721, 1721, 1720, 1720
848, 1112, 1903, 1903, 1903, 1112, 1112, 1111, 800, 1276
848, 1559, 1203, 1559, 1247, 1483, 207, 1481, 207, 1482
848, 848, 595, 848, 1559, 1017, 1098, 2443, 49, 2603
853, 530, 1087, 530, 1047, 530, 511, 515, 518, 49
853, 49, 837, 49, 2, 2, 49, 140, 139, 145
853, 49, 1683, 1351, 835, 2071, 2038, 1355, 299, 287
874, 874, 873, 1845, 1851, 1851, 1850, 2486, 1851, 2486
874, 418, 871, 871, 1262, 1262, 2402, 1732, 1733, 25
874, 873, 874, 418, 874, 418, 415, 2514, 1369, 1522
882, 748, 882, 1596, 987, 127, 2000, 1453, 1719, 1453
882, 263, 1709, 2242, 1709, 1709, 2241, 1294, 920, 127
882, 1595, 884, 748, 748, 746, 748, 555, 508, 755
898, 325, 898, 1307, 152, 1307, 62, 62, 62, 1314
898, 898, 898, 896, 895, 896, 896, 50, 2442, 50
898, 896, 1540, 1651, 1540, 50, 1902, 1902, 1902, 198
942, 941, 1376, 53, 765, 1379, 2626, 1379, 1825, 1825
942, 942, 943, 174, 91, 171, 2320, 2599, 2320, 600
942, 941, 1376, 2626, 2626, 2626, 1376, 2122, 1376, 2562
962, 448, 338, 2354, 2473, 2354, 2312, 233, 362, 362
962, 456, 962, 351, 408, 351, 962, 1185, 962, 961
962, 448, 1909, 448, 1908, 1936, 2161, 1936, 1230, 1775
969, 969, 892, 2064, 2256, 2064, 2064, 809, 435, 325
969, 301, 2123, 180, 754, 180, 753, 753, 753, 753
969, 892, 1599, 654, 2640, 654, 659, 1601, 262, 265
1028, 2414, 1029, 595, 111, 112, 111, 111, 468, 111
1028, 291, 292, 291, 292, 291, 549, 291, 549, 1007
1028, 1028, 2414, 1029, 1029, 1150, 1029, 595, 598, 149
1048, 1049, 316, 618, 1818, 1818, 1819, 1084, 1290, 1190
1048, 483, 2214, 2214, 2368, 2369, 2369, 2369, 147, 147
1048, 1049, 176, 953, 950, 1693, 100, 2429, 100, 1696
1087, 483, 512, 546, 1507, 1952, 1952, 446, 1830, 1830
1087, 380, 338, 394, 749, 750, 1463, 263, 1709, 2292
1087, 380, 338, 395, 299, 1983, 1310, 1983, 2041, 2372
1116, 678, 1122, 1174, 11, 764, 755, 49, 101, 2692, 49
1116, 2204, 2117, 2120, 2120, 2290, 2290, 2117, 2288, 1832
1116, 854, 868, 1178, 868, 2082, 868, 953, 176, 1554
1140, 2214, 483, 1936, 1226, 1936, 1908, 1936, 2161, 2161
1140, 1157, 1140, 27, 26, 26, 27, 28, 445, 1827
1140, 2214, 27, 273, 128, 273, 2650, 470, 471, 471
1165, 2119, 2120, 2290, 2290, 2290, 449, 2498, 1633, 1366
1165, 1165, 1163, 1842, 1163, 34, 34, 1025, 861, 866
1165, 1163, 1163, 1163, 1842, 615, 1843, 1844, 1967, 2481
1231, 1231, 78, 506, 1315, 19, 18, 19, 1686, 13
1231, 1232, 1232, 1232, 15, 17, 16, 2298, 696, 127, 538
1231, 988, 1937, 1230, 1775, 1772, 1774, 1936, 1230, 1936
1254, 2228, 1254, 1252, 1253, 426, 427, 426, 2100, 2441
1254, 1252, 1252, 1990, 1253, 426, 427, 428, 429, 755
1254, 1252, 1254, 1252, 1990, 315, 1041, 1495, 1251, 66
1301, 895, 1656, 1654, 1654, 1304, 1304, 1301, 1303, 369
1301, 1305, 1756, 62, 1306, 58, 61, 1697, 405, 2498
1301, 1303, 1304, 1304, 895, 981, 982, 2497, 1811, 2494
1312, 64, 1312, 64, 1226, 1772, 1772, 2537, 1772, 2595
1312, 1478, 1478, 832, 833, 832, 1191, 832, 1191, 1192
1312, 367, 367, 491, 489, 491, 490, 236, 484, 483
1345, 436, 441, 175, 441, 441, 175, 2220, 49, 966
1345, 1312, 1347, 2442, 1347, 2442, 1119, 50, 1692, 2665
1345, 1345, 1344, 1335, 1077, 483, 2214, 2368, 2368, 2368
1352, 379, 1351, 718, 720, 719, 722, 399, 722, 1286
1352, 1031, 1032, 139, 144, 861, 866, 866, 55, 54
1352, 379, 1681, 1681, 2705, 1681, 57, 202, 57, 54, 57
1400, 1362, 925, 1649, 1648, 1540, 896, 898, 1309, 1309
1400, 1400, 591, 2331, 925, 2013, 41, 483, 1076, 1083
1400, 591, 2331, 592, 2331, 925, 2329, 925, 2331, 591
1414, 1414, 1414, 583, 583, 1414, 1770, 2229, 704, 2027
1414, 583, 565, 570, 570, 579, 579, 570, 565, 398
1414, 1770, 2193, 2193, 2194, 2194, 2194, 2194, 548, 2529
1457, 1450, 1450, 1450, 1457, 1456, 11, 200, 1907, 198
1457, 1457, 1450, 2380, 1706, 2380, 2380, 2380, 1706, 1706
1457, 1457, 1456, 1308, 1456, 1456, 11, 712, 677, 2534
1479, 832, 1479, 820, 50, 1121, 678, 1764, 2094, 1768
1479, 1478, 5, 1477, 5, 5, 1477, 1466, 803, 2394
1479, 833, 1479, 1479, 820, 846, 239, 2217, 239, 239
1488, 1487, 453, 232, 2053, 2053, 1883, 2259, 2436, 127
1488, 1545, 1488, 1545, 2136, 1546, 1335, 1077, 1647, 1646
1488, 1545, 1488, 1487, 275, 1506, 2039, 1506, 1863, 2040
1489, 2503, 2529, 548, 1473, 1474, 2435, 1474, 1476, 1474
1489, 2503, 2503, 1489, 40, 1489, 1489, 1489, 2503, 2529
1489, 1489, 40, 41, 2013, 2013, 925, 1570, 1860, 1860
1502, 1502, 1726, 1502, 1502, 232, 1014, 1012, 1011, 1010
1502, 860, 1503, 750, 1325, 865, 2377, 2377, 2188, 2303
1502, 1726, 1034, 285, 1822, 1822, 1823, 1131, 1143, 925, 996
1544, 2041, 1544, 2556, 1984, 863, 1984, 1984, 863, 861
1544, 2565, 1987, 2565, 2565, 1987, 1987, 1372, 1372, 169
1544, 1335, 1438, 626, 483, 507, 479, 1066, 1068, 1068
1551, 868, 1178, 1178, 854, 80, 1319, 1551, 1319, 2082
1551, 1319, 176, 1552, 2443, 1348, 1894, 1894, 2129, 2129
1551, 854, 1319, 1318, 1318, 1318, 1318, 1319, 854, 868
1580, 1580, 288, 651, 1578, 127, 415, 2514, 1369, 2305
1580, 1580, 1747, 1747, 1747, 1580, 1580, 1580, 288, 25
1580, 1747, 1580, 288, 1953, 1953, 1953, 68, 103, 101
1588, 1587, 1588, 1587, 2426, 1587, 2506, 1587, 2506, 2513
1588, 2506, 684, 2252, 2252, 2382, 1787, 2382, 2251, 933
1588, 299, 1478, 1479, 1478, 1312, 1478, 835, 2071, 447
1656, 1303, 369, 369, 165, 767, 165, 1372, 165, 422
1656, 895, 1653, 301, 2692, 2123, 180, 474, 622, 474, 622
1656, 895, 1652, 1652, 895, 1657, 1653, 301, 1632, 1366
1663, 767, 2168, 50, 2032, 514, 900, 755, 49, 1703
1663, 1847, 1663, 1664, 50, 879, 50, 1902, 198, 1900
1663, 767, 704, 768, 2427, 768, 704, 782, 8, 4
1678, 1678, 1678, 1677, 1678, 240, 1678, 240, 248, 1406
1678, 1678, 240, 251, 254, 253, 566, 566, 565, 564
1678, 1677, 1678, 1677, 1676, 2227, 1692, 1706, 1706, 1706
1685, 1685, 13, 1677, 13, 13, 1628, 13, 15, 16
1685, 1685, 1684, 1684, 1917, 1917, 1917, 1684, 1932, 1006
1685, 851, 851, 655, 655, 655, 851, 1685, 1796, 1796
1696, 11, 660, 11, 731, 725, 724, 725, 724, 723
1696, 11, 2641, 2641, 11, 2451, 11, 11, 1696, 11
1696, 100, 1696, 1696, 100, 2172, 100, 653, 49, 1837
1710, 1711, 1326, 1711, 1326, 1711, 1711, 263, 262, 261
1710, 1583, 1583, 896, 1583, 896, 1612, 1612, 1614, 2637
1710, 2400, 1710, 1583, 1710, 2376, 2314, 834, 2050, 834
1921, 54, 1921, 371, 474, 530, 530, 523, 474, 1378
1921, 1981, 214, 1731, 2145, 2146, 1973, 1973, 2146, 2619
1921, 54, 54, 54, 770, 704, 704, 770, 704, 765
1924, 625, 324, 324, 314, 322, 320, 1177, 925, 926
1924, 1316, 1102, 1102, 158, 159, 158, 474, 112, 109
1924, 625, 324, 522, 474, 483, 639, 640, 1630, 2424
1961, 666, 2418, 714, 714, 846, 1458, 846, 239, 846
1961, 1961, 666, 2513, 667, 664, 228, 229, 232, 1014
1961, 1961, 1961, 1961, 892, 890, 892, 996, 1276, 1458
1967, 2393, 2282, 2282, 2692, 2282, 954, 577, 563, 577, 563
1967, 2390, 184, 773, 1867, 954, 183, 954, 1256, 954
1967, 2482, 338, 378, 378, 0, 378, 1062, 1062, 1745
1973, 2146, 601, 548, 2194, 2194, 2193, 15, 18, 2193
1973, 2146, 2146, 520, 77, 520, 2146, 802, 2375, 802
1973, 1975, 1750, 87, 87, 2500, 2500, 891, 892, 1962
2023, 1346, 2539, 2539, 2691, 2539, 1346, 2209, 1346, 1346
2023, 635, 532, 635, 2021, 635, 647, 1921, 1981, 211
2023, 2023, 635, 2023, 2023, 1346, 1346, 2209, 50, 2563
2078, 1471, 1071, 1017, 1559, 1247, 1247, 1247, 625, 625
2078, 1471, 1470, 2520, 2520, 218, 1674, 1674, 1454, 1674
2078, 237, 966, 1471, 1471, 1471, 1071, 1071, 1071, 1071
2127, 890, 572, 890, 890, 890, 2501, 1283, 2501, 796
2127, 2126, 999, 420, 999, 1060, 1084, 2469, 2469, 2030
2127, 2126, 2417, 2126, 2127, 2126, 2126, 2127, 1476, 1727
2128, 1670, 2390, 136, 629, 955, 136, 1019, 135, 1019, 133
2128, 2128, 1753, 1059, 2692, 1751, 981, 2006, 2498, 1633, 929
2128, 2128, 1753, 997, 1754, 2010, 832, 1478, 832, 829
2131, 1164, 1164, 1163, 1163, 1039, 1741, 2364, 2534, 677
2131, 1164, 2131, 2131, 2131, 2131, 1164, 1164, 34, 1165
2131, 1164, 1163, 1057, 1164, 1164, 1164, 34, 1164, 1057
2141, 2142, 912, 1217, 912, 1217, 976, 1217, 2502, 1249
2141, 2142, 2142, 2141, 673, 673, 2141, 2141, 673, 271
2141, 2142, 2141, 2141, 673, 675, 672, 675, 675, 672
2156, 2234, 2234, 2235, 2234, 49, 2603, 2603, 2603, 1559
2156, 2155, 2156, 2155, 2154, 2154, 2153, 2156, 2155, 2156
2156, 2234, 1735, 1735, 1252, 1251, 1251, 127, 772, 299
2175, 2396, 2396, 2396, 1155, 1154, 1154, 1155, 1670, 1968
2175, 786, 788, 788, 788, 788, 2587, 2587, 46, 46
2175, 2396, 1789, 2004, 1789, 1789, 2004, 1918, 1919, 1919
2184, 2298, 2185, 322, 127, 1177, 1177, 1177, 320, 1177, 1176
2184, 2185, 322, 268, 1621, 479, 478, 127, 1947, 2697, 887
2184, 1742, 1635, 1741, 1039, 1741, 1635, 1741, 1741, 1039
2270, 218, 1246, 1246, 614, 83, 1296, 1215, 1217, 1217
2270, 1750, 1752, 142, 1059, 1752, 142, 423, 8, 4
2270, 218, 2326, 2326, 2038, 923, 924, 924, 2036, 1197
2336, 152, 1307, 1306, 1133, 1131, 904, 904, 899, 11
2336, 152, 150, 150, 151, 182, 183, 1890, 183, 181
2336, 152, 153, 520, 593, 597, 1953, 1828, 1954, 1824
2351, 3, 1, 1743, 1, 3, 2, 2129, 2, 49
2351, 11, 1277, 1109, 479, 476, 503, 476, 476, 477
2351, 1646, 1646, 1646, 1077, 1575, 1377, 165, 1372, 198
2364, 742, 921, 741, 1386, 741, 743, 743, 741, 738
2364, 2359, 1345, 1344, 1808, 1673, 2326, 2325, 2326, 218
2364, 2534, 677, 2457, 1956, 1955, 1225, 1955, 1956, 1956
2440, 2196, 276, 49, 1693, 100, 1147, 50, 50, 2032
2440, 1905, 761, 1194, 1194, 1194, 761, 2026, 2026, 761
2440, 1056, 1057, 1024, 32, 472, 472, 2254, 2254, 2243
2522, 218, 2481, 2325, 2325, 895, 1302, 1301, 1304, 1304
2522, 218, 979, 978, 1660, 978, 1661, 846, 2497, 846
2522, 2522, 218, 1385, 1362, 925, 2331, 590, 591, 1276
2523, 2523, 1967, 2523, 218, 2521, 2521, 2521, 2521, 218
2523, 2523, 2523, 218, 2326, 2326, 1673, 2005, 2004, 2004
2523, 2523, 1967, 1670, 1660, 978, 1516, 1516, 1516, 978
14, 14, 13, 1627, 13, 1686, 1686, 182, 749, 394
14, 992, 1027, 32, 1023, 1927, 493, 259, 493, 259
14, 14, 13, 14, 992, 1027, 2479, 2480, 1280, 2652
28, 1934, 28, 28, 2494, 28, 445, 2058, 1496, 1636
28, 1139, 1339, 1339, 1832, 1832, 1831, 2144, 2143, 25
28, 1139, 1339, 1339, 1339, 1832, 1832, 2288, 2288, 1832
30, 131, 2043, 131, 1018, 131, 1018, 669, 669, 1018
30, 30, 990, 2526, 990, 30, 990, 888, 888, 492
30, 991, 1200, 991, 1200, 1200, 1199, 63, 60, 61
32, 1193, 1193, 32, 710, 712, 677, 2457, 677, 1413
32, 1025, 861, 2617, 394, 1986, 394, 127, 63, 1199
32, 1026, 2303, 1692, 1293, 1692, 2303, 2567, 2567, 2666
33, 34, 11, 1455, 1456, 1308, 1308, 11, 768, 11
33, 1618, 710, 708, 710, 383, 878, 963, 963, 963
33, 35, 33, 1618, 33, 34, 33, 32, 519, 519
53, 54, 58, 58, 2193, 2194, 2194, 2194, 2193, 19
53, 2419, 602, 1918, 1937, 1230, 1228, 1230, 1936, 877
53, 2114, 2111, 317, 1491, 81, 1095, 49, 0, 0
67, 1212, 1079, 1106, 483, 1086, 408, 414, 408, 408
67, 65, 1723, 1723, 750, 1581, 877, 127, 2187, 1578
67, 67, 687, 1467, 687, 2265, 2512, 2512, 2512, 2512
79, 76, 634, 79, 1001, 79, 1188, 534, 1039, 742
79, 76, 525, 525, 474, 521, 521, 567, 1442, 1534
79, 76, 76, 78, 506, 1436, 1413, 555, 707, 708
86, 84, 1110, 1109, 479, 524, 1335, 374, 403, 403
86, 84, 86, 84, 1110, 2420, 1112, 1441, 993, 1441
86, 84, 986, 84, 83, 1296, 1296, 1215, 1296, 614
99, 780, 780, 99, 1642, 99, 68, 68, 1953, 68
99, 947, 947, 99, 947, 947, 945, 1476, 1474, 2435
99, 68, 49, 1744, 0, 1133, 0, 49, 2277, 559
102, 73, 2409, 2051, 2051, 2409, 2051, 2409, 470, 650
102, 68, 49, 1593, 49, 237, 1957, 1471, 1957, 237
102, 70, 2130, 70, 1562, 70, 73, 2409, 470, 2590
103, 68, 102, 101, 68, 104, 72, 104, 72, 69
103, 2654, 2654, 103, 2654, 103, 103, 102, 73, 70
103, 2654, 1068, 2654, 103, 68, 1688, 1688, 233, 233
111, 114, 112, 114, 109, 2691, 2691, 109, 106, 105
111, 115, 115, 111, 115, 111, 111, 115, 115, 111
111, 112, 109, 112, 112, 112, 112, 109, 113, 113
120, 1950, 964, 2408, 964, 2408, 2408, 93, 2403, 2682
120, 351, 351, 359, 445, 448, 1908, 1935, 232, 2544
120, 1001, 251, 1001, 1259, 1001, 1003, 1003, 1004, 1143
123, 124, 124, 271, 673, 1699, 673, 209, 209, 673
123, 124, 271, 161, 2069, 1516, 2069, 1517, 1584, 2001
123, 124, 124, 139, 808, 809, 1155, 990, 2526, 990
124, 271, 243, 1963, 299, 1556, 1259, 1445, 2168, 2168
124, 139, 893, 1283, 2607, 755, 462, 462, 180, 753
124, 123, 2625, 1794, 1794, 545, 1794, 545, 545, 542
144, 144, 139, 893, 893, 891, 892, 892, 969, 49
144, 861, 866, 483, 487, 639, 483, 483, 1084, 1702
144, 139, 143, 423, 146, 139, 143, 145, 145, 2653
151, 149, 1763, 2670, 1441, 2420, 2420, 1112, 1111, 1110
151, 151, 150, 152, 1307, 898, 1307, 1306, 1307, 152
151, 151, 147, 149, 652, 902, 652, 1144, 652, 2121
165, 1370, 1576, 709, 374, 403, 555, 81, 930, 931
165, 168, 1372, 473, 472, 474, 907, 907, 907, 907
165, 1376, 1379, 2627, 452, 678, 1126, 2563, 50, 1664
176, 1551, 854, 2076, 2076, 1780, 1780, 1779, 1786, 1786
176, 1204, 830, 830, 1772, 2537, 2537, 2537, 2537, 184
176, 1319, 1323, 1319, 1322, 1319, 868, 2077, 691, 2077
202, 766, 766, 846, 766, 846, 1661, 272, 518, 515
202, 57, 54, 58, 1758, 1306, 1824, 1822, 1822, 1822
202, 766, 846, 239, 2456, 2456, 239, 665, 845, 667
206, 205, 1295, 1724, 1295, 63, 498, 497, 500, 498
206, 239, 846, 2497, 1728, 1728, 2497, 1811, 2495, 2496
206, 205, 205, 206, 239, 627, 239, 627, 627, 1068
222, 227, 288, 22, 23, 1468, 1546, 2136, 2056, 629
222, 226, 1960, 1358, 1960, 1358, 464, 1358, 225, 225
222, 226, 222, 227, 454, 28, 455, 445, 2580, 456
249, 240, 886, 886, 240, 242, 1493, 676, 677, 2137
249, 249, 249, 249, 241, 377, 1766, 1766, 1766, 1218
249, 249, 249, 249, 240, 1962, 1283, 1283, 2220, 2607
254, 569, 646, 647, 2445, 647, 648, 648, 648, 1729
254, 253, 2574, 253, 1160, 1161, 1161, 244, 211, 244
254, 253, 566, 2104, 203, 2104, 203, 2204, 1128, 1115
255, 134, 1016, 1016, 1016, 2361, 2002, 1845, 601, 485
255, 253, 1160, 299, 395, 1161, 244, 244, 1159, 851
255, 252, 1430, 2118, 2117, 2290, 2288, 2289, 2288, 2289
258, 2679, 2344, 2097, 330, 327, 25, 2103, 1895, 1896
258, 2679, 2679, 2344, 2097, 662, 1217, 662, 389, 431
258, 258, 257, 2055, 257, 258, 2679, 258, 2679, 2344
427, 775, 775, 779, 775, 775, 776, 777, 1233, 1233
427, 426, 780, 854, 104, 854, 2288, 2117, 2118, 1430
427, 775, 779, 779, 779, 100, 99, 99, 68, 104
505, 474, 532, 532, 532, 154, 156, 156, 1064, 1105
505, 603, 2406, 2406, 603, 505, 604, 604, 604, 1333
505, 505, 604, 1451, 1451, 604, 604, 1333, 1333, 1334
511, 49, 2443, 49, 237, 1958, 1880, 1883, 1880, 1881
511, 474, 479, 506, 625, 324, 1361, 357, 357, 1412
511, 474, 1629, 1287, 1084, 1230, 1084, 2190, 2378, 2190
518, 530, 511, 474, 515, 49, 1095, 483, 157, 479
518, 474, 522, 474, 1148, 525, 520, 1089, 520, 524
518, 474, 509, 81, 1093, 1104, 483, 568, 565, 1484
588, 1562, 588, 1475, 1474, 1476, 1476, 1476, 1474, 1474
588, 589, 589, 589, 245, 240, 617, 376, 1402, 1515
588, 589, 592, 1400, 1400, 592, 587, 587, 590, 587
625, 625, 625, 1247, 85, 613, 85, 84, 1110, 1940
625, 1316, 1316, 60, 204, 1821, 204, 205, 206, 206
625, 1316, 60, 1316, 625, 1247, 1248, 1248, 1248, 1248
648, 1921, 371, 2105, 371, 2105, 1429, 576, 577, 576
648, 1921, 1981, 211, 1981, 1731, 1730, 1730, 1731, 2033
648, 1731, 214, 210, 2638, 210, 100, 1689, 1749, 761
650, 355, 355, 353, 960, 353, 353, 352, 1000, 352
650, 651, 354, 651, 456, 455, 28, 109, 114, 109
650, 355, 353, 1099, 1099, 483, 1091, 474, 158, 305
658, 658, 659, 659, 1600, 659, 1601, 1601, 659, 2320
658, 655, 657, 654, 657, 657, 660, 657, 655, 851
658, 655, 654, 654, 653, 1139, 28, 455, 28, 1934
664, 663, 27, 327, 327, 25, 454, 288, 288, 2248
664, 663, 663, 741, 663, 663, 741, 2330, 2327, 925
664, 666, 2329, 176, 2454, 176, 2454, 184, 1790, 184
673, 672, 801, 391, 272, 1515, 136, 2390, 136, 134
673, 672, 1275, 675, 1368, 1275, 672, 672, 672, 672
673, 1273, 2235, 2235, 2234, 2156, 2234, 2234, 1735, 1735
697, 697, 2340, 2340, 697, 688, 323, 314, 321, 321
697, 1627, 697, 2340, 2014, 1204, 830, 829, 1113, 1203
697, 688, 688, 1912, 1298, 1912, 688, 696, 686, 1162
766, 55, 704, 704, 704, 734, 734, 734, 55, 202
766, 766, 704, 704, 770, 56, 766, 846, 766, 861
766, 846, 239, 239, 717, 100, 2172, 2582, 2582, 1408
813, 2068, 1670, 325, 1670, 2391, 2391, 2395, 326, 352
813, 2068, 2068, 813, 2068, 1670, 925, 573, 549, 573
813, 2068, 1670, 1660, 978, 1687, 1410, 758, 1410, 1687
848, 595, 597, 600, 595, 111, 114, 109, 113, 110
848, 283, 232, 2532, 232, 229, 232, 1014, 2532, 2532
848, 716, 388, 1812, 388, 1920, 2031, 50, 2442, 1119
867, 761, 838, 761, 1654, 1654, 1304, 1303, 369, 369
867, 761, 1357, 2028, 761, 2028, 1749, 1689, 1689, 1689
867, 2546, 171, 91, 2287, 2287, 2287, 91, 175, 1635
874, 874, 418, 416, 416, 127, 1781, 1782, 2398, 1781
874, 418, 699, 700, 700, 1738, 700, 1738, 700, 418
874, 418, 379, 1352, 688, 697, 2340, 541, 794, 794
880, 880, 879, 879, 880, 880, 476, 880, 880, 880
880, 880, 476, 75, 479, 2578, 479, 1508, 643, 74
880, 879, 879, 879, 50, 2600, 50, 896, 50, 2019
882, 883, 882, 1795, 463, 551, 550, 516, 474, 1869
882, 1795, 463, 463, 396, 463, 465, 466, 465, 463
882, 882, 1795, 463, 1324, 1327, 1324, 463, 1191, 1191
920, 127, 264, 262, 261, 66, 750, 1462, 750, 2400
920, 127, 2165, 1996, 793, 2345, 793, 1996, 793, 1996
920, 127, 2474, 127, 297, 1293, 1293, 297, 1293, 1692
962, 1185, 1187, 127, 2354, 2312, 127, 1955, 1955, 127
962, 961, 2039, 1389, 1388, 742, 1651, 1015, 2529, 2503
962, 1185, 1237, 1237, 1197, 1368, 1149, 1368, 1232, 1231
1048, 1048, 1048, 1049, 176, 236, 234, 1469, 1469, 204
1048, 1048, 483, 1075, 480, 480, 476, 74, 642, 915
1048, 909, 485, 1600, 659, 659, 1601, 1601, 262, 263
1087, 483, 1081, 1081, 1081, 2056, 350, 350, 2056, 1081
1087, 1087, 530, 474, 524, 483, 555, 707, 708, 707
1087, 1702, 1084, 1702, 1087, 1087, 380, 241, 1157, 1031
1116, 678, 1119, 50, 2622, 2622, 100, 104, 854, 80
1116, 678, 1122, 1128, 1117, 1257, 1117, 678, 1123, 1118
1116, 2204, 1128, 1114, 1114, 1114, 681, 681, 680, 11
1133, 1306, 1824, 1823, 127, 1576, 127, 1861, 2271, 2271
1133, 0, 0, 1133, 1306, 62, 1306, 58, 2193, 1770
1133, 1133, 1133, 0, 1744, 0, 378, 379, 1355, 379
1140, 1157, 1031, 11, 1690, 28, 471, 32, 32, 710
1140, 1140, 27, 27, 2505, 27, 1017, 131, 995, 994
1140, 1157, 1140, 1140, 1140, 1139, 653, 100, 1693, 49
1141, 919, 2219, 2219, 1138, 2219, 1138, 447, 445, 456
1141, 232, 1141, 919, 2219, 299, 1548, 1549, 184, 1442
1141, 919, 1141, 1748, 100, 208, 377, 386, 2201, 2038
1155, 809, 973, 313, 313, 1623, 1623, 1624, 313, 314
1155, 1154, 1708, 849, 716, 388, 338, 338, 2354, 2354
1155, 809, 2064, 2256, 2064, 1349, 1349, 2064, 892, 892
1165, 1165, 2119, 2120, 2117, 2118, 2118, 2117, 2118, 2118
1165, 1163, 1842, 1842, 1163, 1039, 1040, 2461, 1040, 2016
1165, 2119, 2119, 2120, 2117, 1331, 1331, 1332, 1332, 541
1312, 1345, 2359, 1407, 1407, 959, 959, 1765, 1768, 582
1312, 367, 490, 262, 267, 987, 1097, 474, 527, 1374
1312, 236, 176, 950, 951, 1182, 1182, 951, 854, 2443
1352, 1352, 688, 690, 127, 2462, 326, 25, 288, 285
1352, 688, 1161, 1160, 299, 395, 395, 379, 401, 338
1352, 379, 1196, 1196, 379, 650, 232, 453, 1934, 1151
1457, 1456, 11, 1904, 709, 875, 877, 392, 1270, 580
1457, 1450, 225, 225, 1358, 1358, 464, 464, 464, 464
1457, 1450, 219, 220, 2072, 49, 2606, 1, 2, 2130
1463, 1328, 1325, 1329, 1326, 1329, 1325, 1328, 1325, 1327
1463, 1323, 1463, 1463, 1323, 1463, 1463, 750, 1593, 750
1463, 263, 1709, 26, 1709, 2241, 2197, 2197, 127, 1184
1489, 2503, 2529, 548, 483, 555, 2178, 2178, 330, 1276
1489, 1489, 40, 40, 12, 4, 1169, 270, 1367, 270
1489, 2503, 2098, 662, 2098, 41, 591, 592, 592, 1401
1544, 975, 1480, 405, 405, 1543, 1543, 1542, 1542, 630
1544, 2556, 1983, 1310, 1310, 1310, 1311, 1395, 2083, 2083
1544, 2556, 2556, 2556, 1983, 2221, 140, 1836, 440, 435
1580, 1747, 1580, 288, 288, 650, 650, 650, 457, 307
1580, 650, 651, 444, 222, 224, 818, 819, 819, 818
1580, 1580, 650, 444, 444, 1448, 1448, 1448, 1362, 925
1588, 1588, 1588, 1589, 1587, 1587, 1589, 1589, 1587, 2426
1588, 347, 347, 1588, 27, 2246, 27, 676, 41, 591
1588, 1589, 1588, 27, 2246, 2694, 2246, 2246, 2635, 586
1678, 1677, 804, 858, 860, 1502, 232, 2532, 1014, 1014
1678, 1678, 1678, 1677, 804, 1675, 804, 858, 804, 1448
1678, 1677, 13, 1677, 1680, 1677, 13, 19, 18, 16
1685, 851, 655, 654, 662, 2343, 1889, 1890, 183, 1890
1685, 13, 15, 13, 19, 16, 16, 2298, 2298, 127
1685, 851, 2216, 1229, 708, 1228, 1228, 1229, 2216, 2216
1696, 11, 2451, 474, 526, 526, 1069, 1068, 627, 1073
1696, 49, 1703, 1880, 1703, 11, 422, 2584, 2011, 2584
1696, 49, 702, 701, 54, 455, 54, 54, 202, 55
1710, 1712, 1613, 1612, 1613, 2547, 1190, 1288, 895, 1288
1710, 1712, 1712, 263, 474, 133, 133, 1569, 1005, 1929
1710, 2376, 320, 322, 322, 2564, 2111, 987, 267, 1781
1775, 1936, 1775, 927, 807, 856, 807, 1485, 1485, 1485
1775, 1775, 1772, 1772, 2089, 2089, 1719, 1720, 1719, 1184
1775, 1775, 927, 856, 807, 1486, 807, 856, 807, 1571
1924, 1316, 1316, 625, 1924, 625, 160, 157, 160, 160
1924, 1923, 1417, 1417, 439, 2152, 661, 2152, 439, 435
1924, 1923, 1417, 1923, 1084, 1819, 1192, 1819, 1923, 1417
1926, 1926, 406, 963, 963, 412, 2349, 2349, 266, 2349
1926, 2137, 117, 118, 117, 115, 1502, 115, 1591, 49
1926, 1926, 406, 964, 964, 964, 682, 683, 1716, 1716
1931, 165, 1931, 1005, 541, 2352, 127, 314, 1954, 1954
1931, 1005, 1569, 1569, 1221, 2208, 483, 597, 595, 594
1931, 165, 1372, 473, 472, 474, 180, 180, 1809, 1343
1941, 1452, 2232, 1452, 624, 622, 586, 622, 621, 1494
1941, 740, 1943, 742, 2542, 232, 232, 650, 359, 232
1941, 1887, 1811, 1833, 1338, 1922, 1922, 1923, 409, 409
1993, 1665, 956, 1967, 1967, 1968, 1966, 1967, 2393, 1704
1993, 1995, 1995, 1994, 2618, 1995, 1994, 1991, 861, 862
1993, 1992, 1992, 1992, 1992, 1992, 1993, 1995, 2619, 2146
2012, 597, 2011, 2011, 240, 617, 376, 376, 617, 240
2012, 2011, 2011, 1752, 1305, 1301, 1300, 1300, 1301, 1305
2012, 1059, 1753, 1751, 981, 984, 1803, 984, 984, 981
2023, 1346, 773, 2158, 773, 1346, 2209, 2209, 50, 878
2023, 635, 127, 1709, 1511, 1709, 1709, 2533, 2533, 1095
2023, 1346, 1346, 2023, 2023, 635, 2022, 81, 1084, 1190
2052, 2053, 2053, 1883, 2284, 60, 63, 127, 315, 2091
2052, 2052, 2053, 232, 2053, 2052, 1325, 1324, 463, 1324
2052, 2052, 2053, 2053, 546, 1507, 2054, 210, 521, 299
2078, 1471, 1470, 1470, 1472, 218, 2326, 2326, 2326, 2325
2078, 237, 238, 161, 271, 161, 240, 617, 617, 376
2078, 237, 1957, 237, 237, 966, 237, 2078, 1471, 1071
2080, 316, 313, 313, 1623, 218, 1504, 218, 593, 596
2080, 316, 316, 2080, 2080, 313, 1623, 1623, 1624, 2485
2080, 2080, 316, 316, 938, 316, 1049, 1051, 1050, 2082
2081, 868, 869, 869, 868, 1178, 1179, 1179, 1179, 1178
2081, 2081, 1050, 2315, 2315, 835, 1366, 1366, 1632, 301
2081, 868, 1551, 1551, 854, 2288, 2289, 2120, 2289, 2120
2127, 2001, 2367, 1705, 1799, 597, 2011, 2012, 2011, 1752
2127, 2001, 2124, 2124, 2663, 1269, 1872, 348, 346, 347
2127, 2001, 1584, 2001, 2430, 562, 406, 120, 121, 120
2128, 1753, 1753, 1753, 1753, 2128, 1753, 1751, 981, 980
2128, 1670, 1158, 242, 240, 2085, 2084, 2084, 555, 2177
2128, 1640, 835, 1640, 50, 2168, 2169, 51, 51, 51
2131, 1164, 34, 1164, 2131, 1162, 1164, 1164, 2131, 1529
2131, 1529, 1529, 658, 656, 1284, 1284, 900, 1444, 1444
2131, 1162, 1162, 1162, 686, 507, 530, 1073, 1073, 1109
2141, 2141, 673, 672, 673, 674, 674, 674, 673, 673
2141, 2141, 673, 1699, 983, 1698, 405, 2507, 2281, 2507
2141, 673, 674, 674, 671, 582, 1765, 1768, 1765, 976
2156, 2153, 2153, 2156, 2153, 2156, 2156, 2156, 2156, 2155
2156, 2234, 11, 200, 201, 200, 200, 200, 200, 2704
2156, 2155, 1810, 1810, 2155, 2155, 2156, 2156, 2155, 2156
2175, 1800, 408, 409, 409, 1923, 1084, 2469, 2469, 2469
2175, 786, 785, 808, 2262, 808, 2490, 2490, 2261, 2488
2175, 2175, 1800, 1800, 1027, 1150, 1408, 2582, 2582, 2172
2184, 2184, 1742, 2184, 2185, 322, 268, 2468, 268, 1621
2184, 1742, 1635, 175, 435, 438, 498, 63, 1468, 1469
2184, 2185, 2297, 127, 2462, 2421, 897, 50, 1664, 2168
2270, 1750, 1974, 1083, 2334, 479, 524, 2591, 524, 520
2270, 1750, 1976, 2634, 1534, 1536, 1804, 1265, 665, 664
2270, 218, 979, 978, 1660, 136, 955, 221, 1862, 223
2275, 2218, 184, 573, 925, 1132, 1131, 1189, 2541, 2541
2275, 2276, 184, 844, 239, 2217, 272, 2433, 272, 341
2275, 2276, 338, 272, 402, 1887, 403, 398, 106, 105
2281, 1801, 1800, 408, 247, 243, 285, 285, 288, 1580
2281, 2282, 2282, 1704, 1704, 2279, 2393, 136, 1846, 1845
2281, 1801, 1763, 916, 916, 1763, 916, 1763, 2670, 1441
2336, 881, 881, 2336, 881, 881, 881, 49, 820, 49
2336, 2336, 152, 2599, 2599, 2599, 2320, 2073, 2318, 1013
2336, 881, 49, 755, 764, 764, 755, 49, 855, 856
2351, 2351, 11, 1815, 1815, 555, 1817, 1670, 1967, 1967
2351, 1646, 1762, 1891, 2206, 1891, 1763, 916, 916, 916
2351, 3, 2351, 11, 1815, 692, 1815, 555, 2084, 2085
2364, 2535, 2364, 1741, 1741, 2362, 2364, 1741, 1942, 1942
2364, 2359, 397, 2359, 1407, 1407, 2315, 1050, 1050, 1051
2364, 1741, 1635, 1742, 2296, 127, 772, 1341, 1834, 1338
2433, 803, 2394, 1670, 1967, 2390, 2038, 1517, 2447, 602
2433, 272, 402, 338, 388, 716, 848, 595, 596, 1893
2433, 1566, 1565, 1565, 1565, 1515, 136, 1844, 1845, 1852
2522, 218, 593, 593, 596, 1893, 2191, 2192, 2283, 2283
2522, 218, 1673, 585, 2550, 2550, 585, 2631, 585, 1649
2522, 2522, 2522, 218, 1504, 1504, 485, 277, 276, 49
2523, 218, 1674, 1673, 1673, 2189, 1841, 2406, 1841, 1912
2523, 218, 217, 218, 293, 293, 294, 296, 11, 1500
2523, 1967, 956, 955, 136, 978, 1687, 440, 1687, 978
