14, 13, 15, 16, 17, 492, 127, 695, 2451, 127, 264
28, 471, 471, 2248, 25, 25, 303, 303, 303, 303
28, 445, 453, 453, 1487, 275, 275, 1487, 1487, 1488
28, 1934, 1934, 28, 455, 445, 445, 446, 445, 478, 2697, 447
30, 1153, 1152, 1153, 355, 355, 650, 379, 397, 338
30, 131, 1170, 423, 142, 142, 49, 836, 836, 836
30, 30, 30, 1075, 480, 49, 701, 100, 1146, 100
32, 2567, 2303, 2567, 1027, 992, 1027, 2567, 130, 2567
32, 1193, 1193, 32, 2678, 1193, 1193, 127, 1547, 127, 1630, 2424, 2678, 127
32, 710, 708, 1617, 708, 1618, 1618, 11, 2451, 11
32, 2303, 2303, 2303, 2666, 2666, 2568, 2666, 2568, 2568
33, 1022, 330, 1974, 2697, 1083, 1364, 1083, 1090, 1742, 745, 479, 640, 908
33, 1618, 1618, 1618, 2697, 2051, 1229, 299, 2070, 1395, 1469, 1371, 2070, 1757, 2070
53, 52, 764, 755, 902, 1142, 1146, 652, 2121, 652
53, 1376, 1379, 165, 1931, 1931, 1931, 1931, 1931, 165
53, 1905, 761, 2028, 2697, 761, 1186, 2027, 53, 1376, 2339, 1342, 53, 2697, 53
53, 52, 53, 1905, 2692, 198, 1903, 1120, 678, 2079, 678
53, 198, 236, 484, 2697, 484, 1784, 729, 579, 236, 1139, 490, 262, 1960, 127
53, 198, 198, 540, 540, 127, 316, 127, 1005, 2705, 1929
53, 53, 1825, 1826, 1825, 1826, 2189, 1826, 1826, 1825
53, 2167, 4, 11, 2678, 529, 529, 529, 514, 11, 2695, 127, 99
53, 52, 53, 53, 1877, 1877, 1877, 2311, 2309, 2073
67, 67, 687, 687, 2695, 2697, 2428, 64, 65, 65, 65, 1917, 1917
67, 67, 67, 687, 2692, 67, 1171, 1072, 687, 689, 1989, 1719, 1621, 2692, 1184
79, 79, 634, 633, 634, 631, 631, 1328, 1328, 1463
79, 79, 1001, 1003, 304, 2044, 2043, 131, 1539, 629, 2697, 1539
86, 84, 85, 85, 83, 614, 83, 612, 868, 2081
99, 827, 827, 342, 340, 1314, 183, 183, 1764, 678
99, 99, 100, 701, 49, 966, 966, 237, 49, 755
99, 11, 11, 11, 2678, 1927, 2646, 2646, 1927, 2646, 505
102, 68, 65, 1856, 1290, 1925, 1290, 1287, 1690, 2697, 100
102, 73, 70, 2130, 70, 1562, 1918, 1999, 2091, 315
103, 68, 49, 52, 2678, 51, 52, 1567, 714, 2183, 704, 734, 55, 55
103, 101, 100, 718, 719, 721, 721, 721, 719, 718
111, 114, 114, 114, 112, 474, 534, 1599, 1599, 2692, 892
111, 110, 109, 469, 469, 607, 609, 1096, 1096, 483
120, 1008, 120, 193, 189, 194, 194, 194, 194, 1228
120, 1262, 120, 1262, 1261, 120, 411, 685, 120, 1008
120, 411, 595, 1577, 2697, 1577, 2188, 2188, 1633, 501, 501, 504
120, 120, 1585, 2360, 1301, 1300, 1300, 1300, 2045, 2045
120, 95, 1899, 1899, 198, 1392, 1363, 1363, 1392, 2697, 2697, 1393
123, 123, 123, 122, 122, 122, 122, 406, 562, 2430
123, 123, 2625, 2625, 2625, 2625, 2625, 123, 123, 123
124, 139, 127, 2355, 2695, 1187, 127, 2323, 541, 127, 1970, 1781, 1782, 2695, 819
144, 139, 144, 861, 861, 865, 2377, 2055, 257, 877
151, 151, 149, 149, 2692, 2018, 1411, 147, 148, 127, 2104, 2692, 127
151, 150, 150, 152, 152, 2335, 1781, 1779, 1781, 1780
165, 694, 1287, 1084, 127, 315, 2258, 1041, 779, 116, 597, 647, 116, 50, 1119
165, 2649, 2628, 2628, 2692, 838, 139, 124, 123, 1666, 1260, 122, 123, 2168
165, 422, 11, 2643, 11, 1031, 1031, 11, 383, 690
165, 1370, 1370, 592, 2331, 2331, 592, 1401, 1400, 2355, 2697, 341
165, 1372, 165, 422, 11, 1703, 1880, 1880, 1879, 2697, 1882
165, 1370, 1833, 1338, 1341, 1341, 198, 196, 2151, 2152
176, 2329, 666, 2329, 2329, 176, 868, 1550, 176, 1322
176, 869, 868, 1321, 1320, 1320, 950, 854, 1050, 1051
176, 861, 862, 934, 935, 937, 2346, 2346, 936, 2678, 127
176, 958, 958, 565, 1428, 1427, 1428, 1428, 1963, 1428
176, 176, 958, 565, 565, 574, 577, 954, 950, 953
176, 176, 1552, 176, 1321, 868, 950, 953, 176, 1552
202, 57, 1681, 57, 2692, 1391, 1388, 1613, 2547, 1190, 1084
202, 202, 200, 1669, 2697, 2697, 200, 203, 127, 987, 127, 2695, 1177, 2695, 686
14, 14, 992, 14, 14, 992, 14, 992, 1024, 46
28, 2494, 232, 1014, 232, 2544, 127, 693, 127, 744
28, 455, 28, 455, 456, 229, 229, 232, 2542, 742
28, 109, 2691, 2539, 2539, 2539, 1349, 1349, 2064, 2256
30, 31, 838, 761, 761, 1191, 761, 1357, 761, 1749
30, 2623, 30, 2042, 1544, 1544, 2556, 2556, 1984, 1996
30, 30, 30, 993, 30, 2623, 1500, 11, 2234, 2235
32, 294, 295, 1827, 1827, 295, 1827, 1827, 1827, 295
32, 32, 2303, 32, 1023, 1023, 2644, 2644, 2644, 11
32, 710, 1228, 11, 680, 680, 11, 514, 514, 2692, 514
32, 294, 294, 1603, 254, 1603, 254, 354, 254, 2575
33, 34, 34, 34, 33, 989, 33, 33, 1618, 710
33, 33, 33, 1022, 33, 32, 33, 33, 33, 33
53, 248, 1406, 541, 1063, 483, 548, 483, 483, 500
53, 217, 53, 1075, 483, 474, 483, 41, 483, 2692, 1084
53, 1044, 53, 53, 1075, 483, 484, 587, 587, 587
53, 2418, 53, 879, 53, 371, 53, 1379, 165, 1377
53, 892, 890, 2127, 2126, 2417, 2126, 999, 997, 1751
53, 2114, 405, 2237, 2237, 463, 464, 1358, 226, 1359
53, 2628, 53, 2628, 2628, 1376, 2562, 2562, 2562, 1144
53, 198, 198, 1907, 742, 1449, 1449, 1449, 1449, 324
53, 1044, 1045, 2689, 2313, 2312, 2354, 2354, 127, 1823
67, 687, 127, 1040, 127, 1955, 1955, 1956, 1956, 1956
67, 1226, 127, 700, 415, 543, 127, 139, 127, 888
79, 1001, 1256, 954, 1865, 232, 379, 834, 834, 2048
79, 533, 474, 474, 506, 625, 1316, 625, 160, 157
86, 84, 85, 83, 1296, 218, 1504, 1504, 485, 601
99, 825, 99, 1642, 1642, 920, 1640, 2128, 2128, 2128
99, 827, 554, 554, 827, 1204, 1204, 176, 1319, 1319
99, 780, 1055, 1055, 484, 483, 1064, 1092, 483, 1572, 2692, 1089
102, 103, 101, 100, 2692, 717, 1456, 717, 1453, 239, 841, 53, 841
102, 101, 49, 2443, 2692, 140, 854, 2119, 127, 127, 81, 1965
103, 2654, 2654, 2654, 2654, 2654, 1068, 1066, 1065, 1064
103, 102, 68, 49, 49, 49, 99, 68, 99, 99
111, 1206, 1205, 342, 342, 827, 99, 825, 99, 49
111, 111, 468, 111, 111, 112, 112, 474, 529, 11
120, 1585, 2315, 2360, 2315, 2359, 2359, 2359, 1345, 1344
120, 1008, 1325, 1324, 1325, 1326, 1326, 1329, 1325, 1326
120, 1585, 1586, 1585, 1585, 120, 1008, 120, 1262, 120
120, 192, 1950, 685, 120, 1950, 1950, 685, 192, 1950
120, 685, 190, 190, 942, 190, 942, 942, 2417, 942
123, 124, 271, 676, 1493, 1398, 1006, 1007, 1005, 1005
123, 122, 809, 435, 441, 435, 438, 438, 435, 435
124, 124, 124, 124, 139, 146, 421, 420, 2253, 2253
144, 139, 139, 139, 138, 139, 142, 49, 49, 2263
151, 147, 1411, 305, 1191, 832, 1479, 2119, 127, 394
151, 147, 2096, 147, 1411, 147, 147, 149, 1411, 1410
165, 165, 165, 1378, 165, 1377, 1575, 1077, 1647, 1388
165, 1373, 165, 815, 165, 163, 262, 265, 1712, 1710
165, 1376, 1044, 1044, 1045, 2689, 1045, 2689, 1045, 1044
165, 372, 187, 2483, 187, 188, 187, 188, 187, 188
165, 1287, 1084, 1190, 1292, 1190, 1084, 1630, 127, 687
165, 2301, 233, 127, 693, 127, 263, 474, 474, 519
176, 1204, 1204, 1204, 1204, 830, 476, 476, 880, 879
176, 953, 1178, 1180, 1975, 1975, 1974, 330, 330, 451
176, 176, 2454, 301, 301, 1653, 1653, 1653, 1657, 1653
176, 1550, 178, 1548, 1547, 1548, 1548, 1547, 1548, 1548
176, 236, 367, 367, 491, 489, 490, 489, 491, 489
176, 950, 950, 1320, 868, 176, 868, 1318, 854, 868
202, 202, 57, 1391, 1391, 547, 483, 1073, 1073, 1064
202, 57, 1681, 57, 57, 54, 202, 54, 54, 54
14, 13, 1677, 1289, 1677, 1761, 2428, 1761, 1761, 2428
28, 471, 470, 2409, 470, 471, 2248, 25, 2575, 25
28, 1690, 1690, 1690, 11, 529, 529, 514, 1570, 908
28, 27, 1403, 667, 667, 664, 1464, 1464, 1464, 1199
30, 30, 131, 926, 131, 1068, 2654, 103, 101, 101
30, 30, 30, 993, 1441, 860, 735, 860, 860, 1166, 2697, 1503
30, 1075, 1075, 53, 2697, 528, 1511, 134, 53, 767, 767, 260, 767, 2168, 1439
32, 2303, 2567, 2303, 2666, 2568, 2666, 2568, 2568, 2666
32, 32, 32, 1024, 1024, 46, 1024, 32, 1024, 992
32, 32, 1027, 992, 30, 31, 838, 31, 31, 30
32, 2303, 2567, 2567, 2567, 2567, 2666, 2567, 2666, 2567
33, 33, 33, 32, 1024, 992, 1024, 497, 498, 498
33, 32, 519, 519, 514, 483, 474, 180, 180, 178
53, 2628, 139, 142, 1059, 1059, 2011, 597, 2011, 2697, 1752
53, 53, 1376, 1376, 53, 1130, 1131, 1823, 1823, 541
53, 2627, 1376, 1379, 2193, 2194, 548, 1083, 483, 1105
53, 198, 236, 490, 504, 501, 2188, 1577, 2188, 501
53, 53, 2419, 2419, 2419, 2419, 60, 2284, 1883, 1883
53, 1825, 53, 53, 2418, 843, 1009, 843, 841, 843
53, 53, 53, 892, 891, 1283, 2501, 2501, 892, 892
53, 2649, 2649, 53, 53, 53, 1877, 283, 917, 917
53, 2418, 2418, 2418, 53, 2586, 53, 2167, 2574, 253
67, 1212, 127, 2297, 127, 1005, 2334, 479, 1136, 373
67, 1212, 269, 259, 269, 1212, 1079, 1106, 1106, 1079
79, 533, 633, 1069, 526, 50, 1202, 50, 1119, 50
79, 76, 76, 78, 78, 78, 78, 76, 76, 76
86, 86, 84, 88, 88, 84, 1110, 169, 168, 165
99, 1642, 99, 100, 2697, 2586, 100, 2004, 68, 1615, 100, 1692, 50
99, 1642, 920, 1642, 1642, 99, 99, 947, 99, 11
99, 49, 49, 49, 2692, 49, 755, 462, 2504, 2504, 2208, 1287
102, 102, 68, 101, 2208, 2697, 49, 1035, 2607, 49, 1216, 234, 93, 96, 683
102, 73, 70, 102, 2697, 2569, 2208, 1599, 73, 2409, 2409, 394, 73, 73, 102
103, 101, 49, 966, 966, 2078, 2078, 237, 237, 480, 514, 2697, 49
103, 101, 102, 101, 102, 102, 73, 70, 2130, 2
111, 115, 111, 113, 110, 114, 112, 474, 533, 79
111, 111, 111, 111, 468, 468, 468, 111, 595, 600
120, 120, 1263, 1261, 120, 351, 350, 350, 350, 674
120, 193, 189, 1533, 189, 2585, 212, 10, 212, 210
120, 685, 192, 192, 120, 1950, 122, 1950, 1950, 192
120, 120, 1262, 1261, 1261, 1262, 1261, 1264, 1264, 1262
120, 120, 121, 121, 120, 1262, 1263, 192, 192, 685
123, 124, 271, 161, 270, 1291, 989, 33, 33, 32
123, 123, 122, 122, 406, 2097, 330, 925, 1670, 575
124, 123, 124, 123, 124, 123, 123, 124, 124, 124
144, 861, 198, 1341, 1269, 1341, 1339, 1340, 1835, 1340
151, 182, 184, 184, 752, 180, 754, 2149, 598, 149
151, 149, 652, 652, 652, 652, 652, 902, 652, 1145
165, 815, 165, 372, 53, 2649, 2628, 139, 139, 808
165, 1376, 2626, 2626, 1379, 1379, 2627, 1379, 53, 1877
165, 767, 53, 841, 53, 2627, 2627, 1379, 2414, 2414
165, 372, 165, 1371, 165, 1207, 165, 165, 422, 11
165, 1370, 165, 1371, 1008, 1008, 1371, 1725, 53, 892
165, 1372, 1372, 348, 1147, 50, 2019, 198, 1906, 198
176, 1551, 854, 1116, 678, 61, 678, 1119, 50, 2031
176, 2329, 176, 1551, 176, 1554, 1554, 2577, 474, 514
176, 1551, 854, 1321, 868, 612, 613, 1242, 1278, 1278
176, 861, 2617, 2617, 2617, 2617, 861, 861, 862, 934
176, 176, 958, 958, 176, 176, 953, 176, 952, 854
176, 869, 176, 951, 868, 868, 868, 854, 1841, 1915
202, 202, 770, 54, 54, 455, 28, 2103, 445, 2697, 198
202, 1391, 202, 57, 1391, 547, 479, 1137, 1138, 1138
14, 14, 14, 992, 14, 14, 13, 1686, 1686, 1686
28, 26, 26, 26, 26, 2570, 26, 26, 28, 471
28, 26, 26, 1252, 1990, 1253, 1989, 315, 315, 315
28, 445, 2212, 445, 445, 207, 1484, 1484, 973, 1484
30, 30, 1153, 355, 355, 353, 355, 355, 355, 353
30, 992, 1027, 32, 2303, 1692, 1692, 50, 735, 50
30, 990, 990, 990, 30, 993, 30, 30, 993, 30
32, 865, 19, 19, 19, 1686, 182, 182, 1646, 2351
32, 294, 1603, 330, 326, 327, 330, 925, 330, 330
32, 2303, 2188, 2188, 2188, 501, 498, 498, 438, 498
32, 710, 710, 1617, 11, 709, 11, 2604, 11, 2678, 11
33, 35, 35, 35, 33, 34, 33, 1618, 710, 712
33, 34, 34, 1164, 1162, 1057, 1027, 1027, 32, 32
53, 248, 240, 2177, 2177, 240, 251, 1001, 1259, 1556
53, 2033, 2033, 2033, 53, 2586, 2586, 95, 2478, 2479
53, 841, 239, 239, 845, 845, 845, 239, 846, 2230
53, 1616, 1616, 1942, 2366, 2366, 2534, 2366, 2366, 2534
53, 2649, 165, 168, 167, 167, 93, 94, 94, 94
53, 53, 53, 53, 53, 371, 1093, 483, 1091, 1201
53, 785, 808, 2490, 808, 2261, 808, 808, 808, 139
53, 1044, 53, 1825, 1826, 1825, 1826, 1826, 1825, 1825
53, 785, 53, 2033, 1879, 1881, 1880, 1879, 1879, 1882
67, 1226, 127, 1471, 127, 1944, 203, 200, 203, 2678, 203
67, 1212, 1213, 1780, 1779, 730, 1779, 1779, 2066, 1211
79, 533, 533, 633, 635, 2022, 127, 987, 127, 750
79, 533, 638, 631, 2672, 2672, 1838, 1837, 2083, 2176
86, 84, 84, 84, 85, 83, 83, 1245, 26, 26
99, 99, 100, 2283, 100, 780, 780, 100, 653, 653
99, 99, 99, 11, 11, 2451, 11, 2363, 11, 220, 417, 2697, 2695, 1308
99, 100, 652, 652, 1147, 1147, 348, 348, 348, 530
102, 103, 68, 49, 2678, 966, 1471, 688, 371, 1463, 1957, 1957, 237, 966
102, 103, 2654, 1068, 1069, 1069, 601, 483, 1082, 483
103, 68, 68, 1688, 233, 309, 309, 309, 11, 514
103, 2654, 103, 102, 101, 103, 2654, 103, 101, 100
111, 111, 114, 114, 109, 2691, 2539, 2539, 1346, 1346
111, 113, 113, 111, 110, 111, 113, 111, 114, 1265
120, 834, 2314, 2671, 2671, 705, 860, 1441, 1440, 528
120, 95, 2611, 95, 439, 943, 439, 92, 92, 92
120, 1008, 1371, 1008, 1325, 1330, 1558, 299, 299, 1342
120, 120, 120, 1008, 682, 682, 682, 2612, 96, 1859
120, 685, 192, 120, 1008, 1859, 1859, 120, 1001, 1257
123, 123, 2168, 123, 2625, 2625, 2625, 2625, 2625, 2625
123, 2625, 1794, 1794, 2625, 2625, 1794, 2625, 2625, 2625
124, 271, 1020, 271, 673, 675, 1368, 1149, 1149, 127
144, 861, 1106, 483, 542, 542, 483, 514, 514, 100
151, 147, 147, 149, 147, 2096, 147, 149, 149, 150
151, 149, 652, 1147, 1700, 1390, 1388, 1014, 1014, 1014
165, 1573, 349, 349, 1573, 349, 2180, 2180, 349, 350
165, 165, 434, 434, 1021, 433, 433, 431, 2489, 2489
165, 2649, 2649, 2649, 2649, 2628, 2628, 2649, 165, 2649
165, 422, 422, 11, 710, 709, 374, 374, 565, 565
165, 369, 368, 368, 368, 368, 368, 368, 368, 369
165, 165, 1375, 2224, 1836, 16, 15, 2193, 2194, 2193
176, 176, 176, 950, 954, 954, 954, 954, 1603, 330
176, 1550, 868, 951, 854, 1178, 854, 1049, 1049, 2081
176, 1319, 868, 1320, 1319, 2082, 1049, 176, 951, 854
176, 91, 90, 91, 91, 175, 435, 436, 436, 436
176, 958, 176, 2454, 176, 176, 868, 2081, 952, 952
176, 952, 854, 1319, 854, 952, 953, 950, 176, 1321
202, 202, 57, 1391, 1388, 1388, 1613, 1712, 1710, 2057
202, 770, 55, 770, 770, 704, 2027, 704, 704, 706
14, 13, 1685, 1685, 13, 1685, 1796, 1685, 1796, 1685
14, 13, 1628, 1628, 1628, 1628, 1287, 1190, 750, 1593
14, 14, 992, 14, 14, 992, 992, 30, 131, 1021
28, 28, 455, 1911, 1911, 1911, 1911, 1506, 1506, 1506
28, 27, 327, 1652, 1652, 327, 25, 288, 1953, 68
28, 2494, 28, 445, 1935, 232, 2659, 2663, 1269, 1746
30, 31, 838, 31, 31, 31, 31, 838, 31, 30
30, 1153, 2569, 1153, 355, 650, 444, 454, 1579, 650
30, 990, 1155, 1155, 1154, 1280, 2480, 1280, 1240, 1279
32, 472, 2254, 472, 473, 2029, 761, 1194, 761, 761
32, 865, 2377, 1577, 42, 43, 42, 299, 520, 2146
32, 519, 519, 483, 2214, 2215, 2590, 2590, 1339, 1832
33, 34, 33, 34, 1164, 1164, 1163, 1165, 1165, 1163
33, 33, 33, 1022, 1022, 1022, 33, 35, 105, 35
33, 32, 1026, 2303, 1692, 100, 780, 780, 1054, 1755
53, 1130, 1130, 1130, 1131, 1131, 1130, 53, 649, 649
53, 765, 765, 1379, 1238, 1030, 1983, 1310, 1983, 2041
53, 2114, 2236, 1456, 11, 2356, 2356, 1559, 1017, 131
67, 65, 1917, 1917, 1917, 1917, 448, 1909, 1909, 2212
67, 542, 543, 540, 543, 542, 67, 67, 1214, 1190
67, 1214, 1190, 1290, 1925, 1084, 1290, 127, 1631, 929
79, 1188, 534, 1637, 1636, 1948, 1636, 1607, 2007, 283
79, 79, 79, 76, 78, 76, 525, 1751, 981, 1751
79, 634, 76, 525, 520, 593, 218, 975, 1544, 1544
86, 86, 86, 86, 86, 86, 86, 84, 83, 1863
86, 86, 84, 2273, 1197, 360, 360, 229, 228, 228
86, 84, 85, 85, 83, 1296, 1215, 1296, 218, 2270
99, 1642, 1642, 99, 99, 68, 101, 101, 1845, 1851
99, 1642, 2661, 2661, 1642, 2661, 1642, 920, 1642, 99
99, 825, 826, 825, 825, 381, 338, 403, 403, 398
102, 73, 69, 73, 2409, 2051, 2051, 2051, 2409, 470
102, 103, 2654, 103, 101, 100, 903, 2072, 2072, 220
102, 68, 104, 854, 1321, 868, 1551, 854, 1552, 854
103, 68, 49, 2563, 50, 1664, 1663, 1847, 1847, 330
103, 102, 103, 68, 102, 103, 103, 68, 102, 68
103, 2654, 103, 68, 103, 102, 73, 69, 1163, 1842
111, 111, 595, 595, 595, 597, 1953, 1059, 1953, 288
111, 468, 111, 112, 111, 115, 115, 111, 595, 599
111, 110, 109, 113, 109, 110, 111, 1206, 111, 468
120, 1490, 120, 1859, 964, 1950, 688, 688, 323, 323
120, 193, 1262, 1261, 1264, 1261, 1262, 2402, 2402, 1732
120, 834, 2048, 543, 540, 543, 415, 408, 409, 408
123, 123, 2625, 1794, 233, 2301, 2300, 2301, 165, 434
123, 122, 809, 2064, 2064, 2256, 2256, 2256, 2256, 1926
123, 122, 123, 123, 124, 139, 143, 143, 423, 8
124, 124, 139, 124, 271, 243, 247, 240, 242, 1407
124, 271, 808, 2068, 2447, 2447, 1517, 2069, 1517, 2447
124, 124, 139, 140, 140, 139, 124, 124, 139, 146
144, 861, 1106, 483, 1106, 2444, 2444, 1098, 483, 1230
144, 139, 145, 814, 1250, 814, 137, 137, 134, 255
144, 144, 144, 144, 144, 144, 861, 1499, 266, 266
151, 150, 1393, 149, 598, 2149, 1188, 79, 79, 76
151, 150, 150, 150, 2356, 2356, 150, 149, 149, 598
151, 149, 150, 150, 150, 150, 152, 2336, 2336, 2336
165, 422, 1541, 136, 978, 136, 1932, 1006, 1006, 1006
165, 168, 168, 168, 490, 504, 501, 2387, 501, 498
165, 1374, 165, 1931, 165, 1374, 614, 1374, 614, 1296
176, 2329, 176, 952, 1322, 854, 681, 680, 1552, 854
176, 1204, 176, 868, 176, 1204, 2014, 1204, 2014, 1824
176, 176, 958, 957, 957, 176, 1319, 80, 76, 1028
202, 202, 1391, 57, 54, 57, 57, 54, 701, 820
202, 202, 54, 701, 702, 49, 2443, 854, 80, 854
202, 55, 734, 55, 57, 202, 57, 55, 55, 54
14, 13, 925, 14, 2697, 13, 15, 1686
14, 992, 1027, 2330, 32, 2653, 865, 1649
14, 13, 1677, 1761, 1761, 2695, 1677
28, 961, 445, 288, 2248, 25, 2103
28, 455, 54, 58, 61, 1697
28, 445, 449, 2059, 2059, 285, 929
30, 991, 1200, 1323, 1319, 1177, 854
30, 992, 30, 976, 1145, 1153, 30, 1075
30, 1075, 480, 49, 518, 518
32, 519, 474, 188, 1092, 474, 371
32, 1193, 127, 1468, 2401, 2104, 127, 1184
32, 32, 1023, 550, 549, 573
33, 1022, 33, 34, 33, 33
33, 34, 1025, 861, 865, 2216, 1325
33, 35, 36, 538, 2269, 865, 2269
53, 1044, 1376, 2562, 1144, 184
53, 800, 800, 564, 2439, 53, 765, 704
53, 1075, 81, 1096, 344, 199
67, 542, 545, 119, 545, 1794, 1225, 1794
67, 1214, 1190, 1288, 1288, 1190
67, 1184, 65, 1723, 2121, 264, 262, 127
79, 76, 531, 76, 525, 76, 75
79, 533, 638, 634, 145, 631, 1558, 509
79, 79, 634, 637, 533, 1478, 533
86, 86, 84, 88, 88, 84
86, 86, 84, 84, 86, 2390, 84
86, 84, 83, 614, 2697, 1298, 1764, 649
99, 99, 100, 1221, 2207, 2207
99, 49, 49, 1881, 1881
99, 1642, 1642, 1641, 1641, 2595
102, 68, 1615, 1615, 1612, 2093, 2493
102, 73, 104, 104, 71, 104
102, 73, 104, 104, 1909, 447
103, 102, 68, 65, 68, 99
103, 102, 73, 104, 71, 70
103, 103, 102, 1688, 68
111, 112, 469, 611, 611, 2678, 610
111, 111, 1237, 561, 595, 599, 597, 2011
111, 595, 411, 685, 190, 190
120, 834, 2050, 2050, 1186, 2113
120, 834, 2313, 2312, 127
120, 78, 525, 76, 80, 80, 1104, 80
123, 124, 123, 2625, 475, 2625, 1176, 123
123, 2625, 2625, 1794, 545, 545
123, 123, 2168, 123, 2168, 50
124, 271, 937, 128, 1145, 2274, 185, 2274
124, 123, 122, 122, 123, 124
124, 203, 271, 1020, 129, 1718, 126, 126
144, 139, 146, 421, 425, 425
144, 139, 146, 422, 165, 2678, 1370
144, 144, 861, 1971, 861, 2557, 2557
151, 147, 1411, 341, 2052, 379, 1196
151, 150, 151, 147, 1411, 1412
151, 151, 149, 151, 1411, 471, 2697, 1412
165, 767, 767, 704, 765, 53
165, 1287, 577, 574, 1840, 616
165, 2461, 1040, 2016, 2104, 1040, 2472
176, 1067, 869, 686, 870, 870, 1413, 870
176, 952, 854, 1319, 80, 1551, 2083, 80
176, 1552, 854, 2077, 969, 49
202, 57, 202, 770, 54, 2692, 53
202, 55, 770, 861, 198, 2032, 861
202, 57, 202, 202, 55, 734
14, 992, 992, 14, 13, 1627, 1627, 697
14, 13, 1686, 15, 19, 19, 18, 2193
14, 13, 1628, 1628, 13, 19, 18, 16
28, 445, 1827, 1827, 445, 450, 1335, 1335
28, 2494, 28, 109, 112, 469, 469, 611
28, 455, 455, 28, 27, 126, 382, 1660
30, 1153, 1152, 1153, 2569, 1153, 1152, 1385
30, 990, 1154, 1155, 1670, 2393, 1967, 1968
30, 2623, 30, 990, 30, 992, 1024, 2174
32, 1023, 550, 1793, 1793, 550, 293, 547
32, 1025, 34, 1164, 2131, 2131, 2131, 1529
32, 1027, 2479, 1027, 2567, 2567, 2567, 2567
33, 34, 1165, 2119, 2120, 2289, 423, 1415
33, 1022, 33, 32, 2567, 1027, 2567, 2666
33, 989, 33, 1022, 330, 1847, 1663, 1664
53, 1500, 1500, 860, 1503, 860, 767, 704
53, 2627, 452, 678, 1129, 678, 2079, 678
53, 785, 53, 767, 165, 163, 164, 1200
67, 65, 1917, 1684, 1684, 1683, 49, 906
67, 1212, 1213, 2066, 1779, 1786, 1786, 2412
67, 65, 65, 68, 49, 2358, 483, 1229
79, 76, 76, 77, 76, 75, 476, 480
79, 1188, 1188, 1776, 1776, 1492, 1492, 946
79, 1188, 1188, 2149, 2149, 2149, 754, 1763
86, 84, 986, 84, 2273, 2206, 1197, 1234
86, 86, 84, 2273, 1197, 1232, 1369, 756
86, 84, 87, 1750, 1973, 1973, 2146, 520
99, 947, 947, 945, 2697, 551, 551, 1914, 582
99, 780, 781, 514, 1571, 2272, 1571, 367
99, 99, 100, 1881, 1883, 2438, 2438, 279
102, 101, 68, 68, 104, 1909, 448, 1342
102, 70, 72, 2409, 470, 2590, 2590, 1339
102, 73, 70, 73, 69, 1163, 34, 1163
103, 68, 1953, 1953, 68, 101, 102, 101
103, 2654, 2654, 2654, 1068, 627, 514, 1570
103, 102, 68, 49, 99, 99, 780, 426
111, 468, 362, 1040, 1039, 1163, 69, 73
111, 114, 110, 109, 106, 109, 2691, 2539
111, 113, 111, 115, 1502, 1502, 1726, 1726
120, 189, 194, 189, 120, 411, 411, 595
120, 525, 120, 1008, 1859, 120, 410, 410
120, 1859, 964, 1982, 964, 1982, 736, 1625
123, 122, 123, 2625, 123, 2625, 123, 2168
123, 124, 139, 140, 140, 1836, 1875, 1836
123, 122, 1950, 1951, 1507, 533, 638, 631
124, 123, 122, 1859, 120, 1008, 1371, 165
124, 123, 122, 1950, 685, 1538, 685, 411
124, 123, 122, 123, 124, 139, 145, 2653
144, 861, 863, 1298, 1346, 1346, 2023, 2023, 635
144, 139, 145, 145, 143, 423, 1415, 814
144, 139, 124, 124, 123, 124, 139, 139
151, 150, 1393, 149, 1763, 183, 1314, 1315
151, 151, 151, 151, 147, 1199, 1465, 87
151, 150, 2356, 2427, 2479, 2480, 1281, 2480
165, 1985, 1986, 394, 338, 387, 387, 387
165, 1372, 1372, 1372, 1987, 168, 169, 167
165, 767, 53, 384, 338, 616, 305, 567
176, 1319, 1319, 1551, 176, 1321, 868, 1550
176, 1321, 1612, 1613, 1612, 2493, 388, 716
176, 948, 949, 949, 948, 176, 1550, 176
202, 200, 203, 127, 699, 281, 283, 917
202, 1391, 1388, 1647, 1475, 1473, 2106, 1473
202, 735, 202, 57, 202, 202, 200, 57, 54
14, 14, 13, 1627, 13, 1686, 1686, 182, 749, 394
14, 992, 1027, 32, 1023, 1927, 493, 259, 493, 259
14, 14, 13, 14, 992, 1027, 2479, 2480, 1280, 2652
28, 1934, 28, 28, 2494, 28, 445, 2058, 1496, 1636
28, 1139, 1339, 1339, 1832, 1832, 1831, 2144, 2143, 25
28, 1139, 1339, 1339, 1339, 1832, 1832, 2288, 2288, 1832
30, 131, 2043, 131, 1018, 131, 1018, 669, 669, 1018
30, 30, 990, 2526, 990, 30, 990, 888, 888, 492
30, 991, 1200, 991, 1200, 1200, 1199, 63, 60, 61
32, 1193, 1193, 32, 710, 712, 677, 2457, 677, 1413
32, 1025, 861, 2617, 394, 1986, 394, 127, 63, 1199
32, 1026, 2303, 1692, 1293, 1692, 2303, 2567, 2567, 2666
33, 34, 11, 1455, 1456, 1308, 1308, 11, 768, 11
33, 1618, 710, 708, 710, 383, 878, 963, 963, 963
33, 35, 33, 1618, 33, 34, 33, 32, 519, 519
53, 54, 58, 58, 2193, 2194, 2194, 2194, 2193, 19
53, 2419, 602, 1918, 1937, 1230, 1228, 1230, 1936, 877
53, 2114, 2111, 317, 1491, 81, 1095, 49, 0, 0
67, 1212, 1079, 1106, 483, 1086, 408, 414, 408, 408
67, 65, 1723, 1723, 750, 1581, 877, 127, 2187, 1578
67, 67, 687, 1467, 687, 2265, 2512, 2512, 2512, 2512
79, 76, 634, 79, 1001, 79, 1188, 534, 1039, 742
79, 76, 525, 525, 474, 521, 521, 567, 1442, 1534
79, 76, 76, 78, 506, 1436, 1413, 555, 707, 708
86, 84, 1110, 1109, 479, 524, 1335, 374, 403, 403
86, 84, 86, 84, 1110, 2420, 1112, 1441, 993, 1441
86, 84, 986, 84, 83, 1296, 1296, 1215, 1296, 614
99, 780, 780, 99, 1642, 99, 68, 68, 1953, 68
99, 947, 947, 99, 947, 947, 945, 1476, 1474, 2435
99, 68, 49, 1744, 0, 1133, 0, 49, 2277, 559
102, 73, 2409, 2051, 2051, 2409, 2051, 2409, 470, 650
102, 68, 49, 1593, 49, 237, 1957, 1471, 1957, 237
102, 70, 2130, 70, 1562, 70, 73, 2409, 470, 2590
103, 68, 102, 101, 68, 104, 72, 104, 72, 69
103, 2654, 2654, 103, 2654, 103, 103, 102, 73, 70
103, 2654, 1068, 2654, 103, 68, 1688, 1688, 233, 233
111, 114, 112, 114, 109, 2691, 2691, 109, 106, 105
111, 115, 115, 111, 115, 111, 111, 115, 115, 111
111, 112, 109, 112, 112, 112, 112, 109, 113, 113
120, 1950, 964, 2408, 964, 2408, 2408, 93, 2403, 2682
120, 351, 351, 359, 445, 448, 1908, 1935, 232, 2544
120, 1001, 251, 1001, 1259, 1001, 1003, 1003, 1004, 1143
123, 124, 124, 271, 673, 1699, 673, 209, 209, 673
123, 124, 271, 161, 2069, 1516, 2069, 1517, 1584, 2001
123, 124, 124, 139, 808, 809, 1155, 990, 2526, 990
124, 271, 243, 1963, 299, 1556, 1259, 1445, 2168, 2168
124, 139, 893, 1283, 2607, 755, 462, 462, 180, 753
124, 123, 2625, 1794, 1794, 545, 1794, 545, 545, 542
144, 144, 139, 893, 893, 891, 892, 892, 969, 49
144, 861, 866, 483, 487, 639, 483, 483, 1084, 1702
144, 139, 143, 423, 146, 139, 143, 145, 145, 2653
151, 149, 1763, 2670, 1441, 2420, 2420, 1112, 1111, 1110
151, 151, 150, 152, 1307, 898, 1307, 1306, 1307, 152
151, 151, 147, 149, 652, 902, 652, 1144, 652, 2121
165, 1370, 1576, 709, 374, 403, 555, 81, 930, 931
165, 168, 1372, 473, 472, 474, 907, 907, 907, 907
165, 1376, 1379, 2627, 452, 678, 1126, 2563, 50, 1664
176, 1551, 854, 2076, 2076, 1780, 1780, 1779, 1786, 1786
176, 1204, 830, 830, 1772, 2537, 2537, 2537, 2537, 184
176, 1319, 1323, 1319, 1322, 1319, 868, 2077, 691, 2077
202, 766, 766, 846, 766, 846, 1661, 272, 518, 515
202, 57, 54, 58, 1758, 1306, 1824, 1822, 1822, 1822
202, 766, 846, 239, 2456, 2456, 239, 665, 845, 667
