0 1
2 1
3 1
4 1
5 6
7 6
6 6
8 4
9 4
10 4
11 4
12 4
13 14
15 16
17 16
18 16
19 16
20 16
21 22
23 22
24 22
25 26
27 26
28 26
29 26
30 31
32 33
34 33
35 33
36 37
38 37
39 40
41 40
42 43
44 43
45 46
47 46
48 46
49 46
50 51
52 51
53 54
55 54
56 54
57 54
58 54
59 60
61 60
62 60
63 60
64 65
66 65
67 65
68 65
69 70
71 70
72 70
73 70
74 70
75 76
77 76
78 76
79 76
80 76
81 82
83 84
85 84
86 84
87 84
88 84
89 90
91 90
92 93
94 93
95 93
96 93
97 93
70 98
99 68
100 68
101 68
49 68
102 68
103 68
104 68
105 106
107 106
108 106
109 106
110 111
112 111
113 111
114 111
115 111
50 116
117 116
118 116
119 116
120 121
122 123
124 123
125 126
127 126
27 126
128 126
129 126
130 126
131 132
133 134
135 134
136 134
137 134
138 139
140 139
141 139
142 139
143 139
144 139
145 139
146 139
127 139
147 148
149 150
151 150
152 150
153 154
155 154
156 154
157 154
158 154
159 154
160 154
161 154
162 163
164 163
165 163
166 167
168 167
169 167
93 167
170 91
171 91
172 91
173 91
174 91
175 91
176 91
177 178
179 178
180 178
181 182
183 182
184 182
185 182
186 187
188 187
120 189
190 189
191 189
192 189
193 189
194 189
195 196
197 196
198 196
199 200
11 200
201 200
202 200
57 200
203 200
204 205
206 205
207 208
100 208
209 210
211 210
212 210
10 210
213 210
214 210
215 210
216 210
10 210
53 217
218 217
219 220
221 222
223 222
224 222
225 222
226 222
227 222
228 229
230 229
231 229
232 229
233 229
127 234
235 234
236 234
237 238
161 238
239 240
241 240
242 240
243 240
244 240
245 240
246 240
247 240
248 240
249 240
250 240
251 240
252 253
254 253
255 253
256 253
257 258
259 260
261 262
263 262
264 262
265 262
266 262
127 262
267 262
268 262
269 262
163 262
240 161
270 161
271 161
272 273
27 273
128 273
274 273
275 273
276 277
278 279
280 281
282 281
283 281
284 285
286 285
243 285
247 285
287 285
288 285
250 285
256 285
289 285
290 285
291 292
293 294
295 294
296 294
127 297
11 297
298 297
299 300
301 300
184 300
302 300
303 300
304 300
305 300
306 307
308 307
11 309
310 309
233 309
127 311
312 311
313 314
315 314
316 314
317 314
318 314
319 314
320 314
127 314
321 314
322 314
323 314
324 314
325 326
25 326
327 326
27 326
328 326
329 326
330 326
289 326
331 326
332 333
334 333
335 333
336 333
337 333
338 333
339 340
341 340
342 340
343 344
199 344
345 346
347 346
348 346
349 350
351 350
352 353
354 353
355 353
356 357
358 357
359 357
360 357
173 361
362 361
363 364
333 364
365 331
335 331
336 331
366 331
367 331
368 369
370 369
165 369
371 372
53 372
373 372
187 372
374 185
375 185
340 185
376 338
377 338
378 338
379 338
380 338
381 338
382 338
383 338
245 338
384 338
385 338
386 338
387 338
272 338
388 338
389 338
270 338
390 338
391 338
392 338
393 338
394 338
395 338
396 338
397 338
398 338
107 338
399 338
400 338
401 338
402 338
403 338
404 338
341 338
405 338
406 338
407 408
409 408
410 408
411 408
412 408
190 408
413 408
191 408
414 408
415 408
416 417
418 417
127 417
419 417
420 421
422 421
423 421
424 421
425 421
426 421
427 428
429 428
430 431
432 431
433 431
434 431
325 435
436 435
198 435
437 435
438 435
439 435
440 435
441 435
175 435
442 435
443 435
444 445
446 445
447 445
448 445
449 445
450 445
451 445
452 445
28 445
288 445
453 445
454 445
455 445
456 445
232 445
457 445
458 445
459 445
460 445
461 445
462 445
463 464
465 466
467 466
111 468
110 109
112 109
113 109
114 109
469 109
28 109
470 471
32 471
127 472
473 472
474 472
475 476
477 476
478 476
479 476
480 476
481 476
482 476
74 476
483 484
485 484
486 484
487 484
488 484
236 484
489 490
367 490
491 490
262 490
492 259
493 259
269 259
494 259
495 496
497 498
499 498
500 498
501 498
502 503
504 503
476 503
505 474
506 474
507 474
508 474
509 474
510 474
483 474
511 474
512 474
513 474
514 474
515 474
516 474
517 474
518 474
519 474
520 474
521 474
522 474
523 474
524 474
525 474
526 474
527 474
528 474
529 474
530 474
531 474
532 474
158 474
533 474
534 474
535 536
537 536
538 536
539 536
540 536
541 542
127 542
543 542
544 542
545 542
483 542
546 547
479 547
548 547
293 547
549 550
551 550
516 550
552 553
554 553
555 553
556 557
558 559
560 559
561 562
563 562
564 565
566 565
567 565
568 565
569 565
374 565
570 565
571 565
572 565
573 565
254 565
574 565
575 565
398 565
576 565
577 565
578 565
579 565
580 565
581 582
583 582
584 582
585 582
586 582
587 582
588 589
590 589
591 589
592 589
593 589
594 595
596 595
597 595
598 595
599 595
600 595
111 595
109 110
113 110
114 110
111 110
109 112
114 112
469 112
474 112
483 505
601 505
602 505
603 505
604 505
605 606
509 606
483 607
608 607
479 607
530 607
609 607
469 607
610 611
612 613
614 613
85 613
305 613
615 616
338 616
617 376
404 376
618 376
619 620
580 620
621 622
623 622
624 622
586 622
474 622
625 506
626 506
479 506
627 506
628 506
629 506
530 506
78 506
630 506
631 632
533 633
634 633
635 633
633 636
634 631
637 631
638 631
509 631
483 639
640 639
76 639
484 74
483 74
641 74
642 74
479 74
643 74
530 74
644 74
645 646
647 646
648 649
53 649
444 649
650 651
288 651
354 651
456 651
652 651
100 653
49 653
654 653
655 656
657 656
658 656
656 656
655 654
659 654
660 654
657 654
661 654
662 654
663 664
665 664
666 664
667 664
668 664
669 670
671 670
672 673
674 673
209 673
675 673
271 673
27 676
41 676
677 676
678 676
679 680
681 680
11 680
682 683
96 683
684 683
189 683
407 188
96 188
685 188
474 188
509 507
483 507
513 507
479 507
530 507
686 507
687 688
689 688
690 688
691 688
127 688
692 688
693 688
694 688
695 688
696 688
697 688
417 688
416 415
418 415
127 415
698 415
699 415
700 415
417 415
415 416
418 416
127 416
698 416
700 416
100 416
49 701
702 701
703 701
54 701
704 52
49 52
53 52
704 52
705 706
707 706
708 709
383 709
710 709
11 709
711 709
712 709
374 709
398 713
338 713
241 377
386 377
714 377
715 377
208 377
239 206
716 717
100 717
718 719
720 719
721 719
722 719
723 724
725 724
726 727
728 727
729 727
727 727
728 725
730 725
731 725
720 732
265 732
127 733
734 733
735 736
737 736
738 736
739 740
741 740
742 740
743 740
744 740
745 746
127 746
747 746
748 746
127 749
750 749
751 749
182 749
181 180
752 180
184 180
753 180
462 180
754 180
474 180
755 508
555 508
756 508
757 758
759 758
760 758
761 758
762 763
755 764
11 764
52 764
706 704
734 704
735 704
765 704
766 704
767 704
768 704
769 704
770 704
299 704
771 772
773 772
774 772
775 772
776 777
777 777
776 775
778 775
779 775
780 781
782 783
784 783
785 786
787 786
788 786
789 786
790 786
791 786
541 792
793 794
795 794
81 796
537 796
797 796
798 796
753 799
800 799
486 801
391 801
802 801
529 801
803 801
804 801
305 805
604 806
807 806
808 809
810 809
811 809
812 809
435 809
813 434
165 434
814 815
423 815
764 815
755 762
816 762
817 762
818 819
820 821
822 821
823 824
68 824
780 99
825 99
100 99
49 99
11 99
826 99
827 99
828 829
830 829
831 829
832 829
833 834
120 834
835 834
820 834
379 834
49 836
820 837
309 837
310 308
761 308
31 838
839 29
240 840
717 239
246 239
841 239
842 239
843 239
844 239
845 239
665 239
846 239
717 239
847 716
388 716
397 716
848 716
849 716
656 850
654 655
657 655
658 655
851 655
49 852
11 853
530 853
854 853
49 855
856 855
857 858
859 858
860 858
198 861
862 861
863 861
766 861
864 861
865 861
770 861
866 861
144 861
867 861
176 861
868 869
854 869
870 869
418 871
872 871
418 871
873 874
875 876
877 878
17 878
50 878
53 879
880 879
49 881
882 883
884 885
886 885
887 888
127 888
492 888
480 888
889 888
890 891
892 891
893 891
894 891
895 896
897 896
898 896
50 896
508 896
764 755
762 755
899 755
900 755
901 755
49 755
902 755
462 755
755 755
903 899
49 899
904 899
11 899
613 899
516 610
905 906
49 906
474 907
607 509
639 509
507 509
483 509
81 509
908 509
530 509
909 509
910 509
609 509
911 509
912 913
285 914
286 283
915 283
642 283
916 283
917 283
918 283
919 283
920 283
848 283
250 283
232 283
256 283
740 283
739 738
741 738
921 738
742 738
218 738
131 922
923 924
925 924
926 924
858 924
807 856
859 856
927 856
928 856
929 856
81 930
127 930
931 930
932 930
933 934
935 934
127 936
119 936
937 936
938 936
939 940
941 942
943 942
944 942
551 945
946 945
947 945
948 949
176 950
951 950
952 950
868 950
854 950
953 950
954 950
555 955
136 955
956 955
950 955
176 948
868 948
176 948
957 958
565 958
959 563
571 563
577 563
741 563
353 960
961 351
962 351
359 351
408 351
120 406
410 406
963 406
964 406
412 406
122 406
562 406
561 560
965 560
966 967
968 969
49 969
892 969
301 969
773 970
687 970
971 972
233 972
973 972
974 975
976 975
977 975
218 975
978 979
980 981
982 981
983 981
984 981
711 985
986 985
987 985
988 989
33 989
990 30
991 30
992 30
993 30
131 30
923 994
995 994
996 994
926 994
724 994
997 722
998 722
999 722
1000 722
399 722
1001 1002
1003 1004
1005 1004
1006 1007
1008 1007
1009 1010
1011 1010
1012 1013
1014 1013
709 1013
708 707
381 707
555 707
820 707
1015 707
134 1016
924 131
994 131
1017 131
1018 131
1019 131
923 131
995 131
578 131
926 131
1020 131
1021 131
451 131
330 1022
33 1022
472 32
1023 32
1024 32
1025 32
865 32
1026 32
1027 32
294 32
549 291
1028 291
1029 1030
331 1030
332 365
334 365
335 365
336 365
337 365
366 365
1018 365
1031 1032
139 1032
814 137
140 137
1033 137
1034 1035
474 1036
127 510
1037 510
1038 510
534 1039
744 1039
1040 1039
1041 1039
742 1039
1042 1043
1044 1045
483 1046
1047 1048
1049 1048
1050 1051
971 1051
1052 1053
783 1053
99 780
100 780
1054 780
854 780
1055 780
897 1056
1057 1056
1058 1056
1059 1060
1061 1060
999 1060
1000 1060
338 1060
379 378
1062 378
541 378
544 1063
483 1063
1064 1065
1066 1065
597 1065
1067 1065
1066 1065
627 1068
1069 1068
131 1068
1070 1017
1071 1017
1021 1017
27 1017
666 1072
484 1072
474 483
547 483
505 483
607 483
639 483
74 483
507 483
509 483
1048 483
1065 483
1073 483
1074 483
1064 483
1075 483
512 483
626 483
38 483
546 483
514 483
1076 483
568 483
1077 483
569 483
486 483
1078 483
1079 483
1066 483
915 483
642 483
1080 483
555 483
1081 483
517 483
81 483
597 483
1082 483
1083 483
475 483
519 483
601 483
1084 483
1085 483
608 483
908 483
1086 483
156 483
1087 483
1088 483
1089 483
1090 483
1091 483
523 483
487 483
524 483
157 483
1092 483
526 483
1093 483
1094 483
1095 483
1096 483
1097 483
528 483
1098 483
530 483
909 483
1099 483
910 483
548 483
1100 483
1101 483
1102 483
1103 483
1104 483
1105 483
1106 483
866 483
1107 483
483 1108
1064 1073
1067 1073
627 1073
530 1073
1109 1073
1110 1111
1112 1111
680 1111
1113 678
1114 678
1115 678
1116 678
1117 678
1118 678
1119 678
1120 678
1121 678
1122 678
1123 678
1124 678
1125 678
1126 678
1127 678
1128 678
1129 678
1130 1131
1132 1131
1133 1131
931 1131
1037 1134
987 1134
1135 1134
479 1136
711 1137
1138 1137
356 1139
28 1139
1140 1139
1141 1139
653 1139
100 652
1142 652
1143 652
1144 652
1145 652
1146 652
1147 652
902 652
768 652
520 652
525 1148
474 1148
515 511
49 511
530 511
1149 511
1150 1151
1152 1153
30 1153
1154 990
1155 990
888 990
240 886
377 241
380 241
249 241
1156 241
1157 241
1158 1159
851 1159
244 1159
1160 1161
688 1161
127 686
696 686
1162 686
1057 1163
34 1163
1164 1163
1165 1163
1039 1163
1166 1038
830 1038
483 1038
1094 1074
1167 1074
421 1074
153 419
424 419
270 419
1168 1169
4 1169
1170 8
782 8
423 8
1171 8
127 8
1172 1173
445 1173
446 443
299 443
49 443
11 1174
1122 1174
1128 1175
320 1175
127 1176
1177 1176
640 1176
868 1176
854 1178
1179 1178
1180 1178
1181 1182
414 1183
1184 1183
127 1185
1186 1185
1187 1185
530 1185
81 1185
1188 1189
1131 1189
49 1129
1190 1129
305 1191
463 1191
832 1191
1192 1191
761 1191
1193 1194
127 1195
357 1195
1138 355
356 355
650 355
1153 355
1196 1150
1197 1150
1029 1150
1198 1150
1199 1200
164 1200
1065 1200
483 1064
1073 1064
630 1064
1079 1064
479 1064
156 1064
487 1064
1201 1064
1092 1064
1100 1064
1101 1064
1105 1064
1106 1064
50 1064
678 1202
1203 1113
1122 1113
829 1113
828 827
831 827
1204 827
342 827
343 1205
1206 1205
1207 1205
716 1208
380 847
1209 847
339 847
1210 847
1211 847
877 1212
127 1212
1213 1212
67 1212
1190 1214
1084 1215
1216 1215
1217 1215
1218 1219
839 1219
439 1220
1221 1222
688 1223
972 687
971 687
689 687
63 687
1224 687
127 687
1225 687
64 687
1226 687
67 687
967 687
1227 965
708 965
710 1228
1229 1228
11 1228
1230 1228
988 1231
1232 1231
1233 1234
1235 1234
1236 1234
1237 1234
1238 1234
1239 1234
1240 1234
1241 1242
613 1242
1243 612
1244 612
1245 612
83 612
1246 612
1247 1248
1244 1248
1245 1248
218 1248
1249 1248
87 1248
1250 1248
1251 1252
1253 1252
1254 1252
26 1252
1255 24
25 24
1004 24
1256 1001
1003 1001
1257 1001
1258 1001
1259 1001
1260 1001
120 1001
1261 1262
1263 1262
1264 1262
871 1262
1265 870
1229 870
1266 870
198 1267
1268 1267
1269 1267
673 1267
674 671
582 671
622 580
623 580
624 580
1270 580
586 580
1271 580
1272 1273
1274 1273
673 1273
675 672
1275 672
801 672
1276 800
53 800
1111 800
198 1109
1277 1109
1110 1109
479 1109
520 1278
1242 1278
1279 1240
1241 1240
1280 1240
1281 1282
1283 1282
755 1282
514 900
1284 900
565 900
1285 564
1286 564
1191 564
1215 1190
1287 1190
1288 1190
1289 1190
1084 1190
1290 1190
1291 1190
1292 1190
297 1293
1294 296
11 296
1295 296
613 296
1246 614
1245 614
1296 614
1297 614
83 614
1298 614
895 1299
1300 1301
1302 1301
1303 1301
1304 1301
1305 1301
1306 1307
62 1307
898 1307
1308 1309
1170 1309
1310 1311
1312 1311
637 1311
1313 1311
1314 1315
506 1315
324 625
1316 625
522 625
160 625
1247 625
238 1317
490 236
198 236
367 236
1312 236
169 236
176 236
1318 1319
868 1319
854 1319
1320 1319
1321 1319
1322 1319
1323 1319
1324 1325
1326 1325
1327 1325
750 1325
1328 1325
1329 1325
1330 1325
1331 1332
125 1332
1333 1334
666 1334
667 1334
632 1334
1064 630
1335 630
1336 630
1337 630
1338 1339
1340 1339
1341 1339
1139 1339
355 1138
650 1138
447 1138
1342 1138
470 1138
1339 1138
520 1337
1340 1337
1100 1337
1343 1337
1344 1345
1312 1345
1346 1347
1348 1347
1349 1347
253 1347
254 251
255 251
1001 251
954 1256
338 1350
836 379
378 379
650 379
1351 379
382 379
1352 379
385 379
1353 379
386 379
272 379
270 379
1354 379
391 379
1355 379
395 379
135 379
397 379
401 379
341 379
232 379
514 379
49 1356
483 1356
81 1075
480 1075
53 1075
1357 1075
30 1075
1200 991
821 1198
820 818
224 818
1358 1359
1360 1359
357 1361
1139 356
355 356
650 356
358 356
1362 356
1276 1363
1364 1363
474 1365
483 512
546 512
523 512
628 512
1092 512
527 512
528 512
929 512
1366 1367
1234 1367
1233 1232
1368 1232
1197 1232
1369 1232
167 1232
372 165
815 165
1370 165
1371 165
1372 165
168 165
1373 165
1374 165
1375 165
767 165
1376 165
422 165
213 165
1377 165
1378 165
1379 165
1380 1381
1382 1383
1384 1383
1152 1385
1362 1385
741 1386
352 1386
1387 1388
1389 1388
1014 1388
1390 1388
1391 1388
198 1392
1393 1392
1363 1392
1386 1362
587 1362
380 1362
1394 1362
590 1362
1395 1362
1396 1362
1397 1362
925 1362
1398 1362
389 1362
1399 1362
946 1362
1400 1362
1401 1362
1402 1362
617 1362
380 1362
1403 1404
430 1404
432 1404
1405 1404
1403 1404
244 1406
715 1406
248 1406
1407 1406
1405 1406
541 1406
1408 1409
305 1409
1410 1411
147 1411
149 1411
151 1411
1412 1411
307 1411
616 305
806 305
1191 305
1411 305
567 305
1413 305
1414 305
583 305
158 305
306 305
815 305
137 814
138 814
1415 814
140 814
142 814
145 814
1416 814
1417 814
939 1418
941 1418
439 1418
1419 1418
1420 1421
644 1421
645 1421
1422 1421
1423 1421
1424 1421
1425 1421
1426 1421
1427 1428
565 1428
1429 566
572 566
253 566
254 252
255 252
1430 252
973 252
1218 1431
976 1431
977 1431
314 1431
1432 312
1253 312
363 312
1433 312
1275 1434
1413 1434
1435 1436
1437 1436
506 1436
483 626
1438 626
479 626
1439 626
1112 1440
1441 1440
565 1440
305 567
569 567
555 567
218 567
521 567
1442 567
1156 567
1443 567
304 567
1444 567
1445 567
1259 1446
1447 1446
445 1446
651 444
650 444
324 444
1448 444
452 444
454 444
459 444
1449 444
804 444
222 444
1450 219
226 219
1358 219
606 219
806 604
1451 604
1452 604
1453 604
1454 604
474 604
507 513
479 513
1340 513
11 513
1455 1456
1457 1456
1276 1456
846 1458
1459 1458
94 1460
95 1461
943 1461
439 1461
1325 1461
1462 1323
66 1323
1463 1323
1200 1323
1464 1199
1465 1199
820 1199
1466 1199
63 1199
1467 1468
127 1468
1469 1468
23 1468
1070 1468
49 1470
1471 1470
1472 1470
1473 1474
1475 1474
1476 1474
1466 1477
816 1477
5 1477
832 1478
833 1478
1479 1478
835 1478
299 1478
400 1480
405 1480
975 1480
1431 973
1481 973
974 973
1482 973
1483 973
1297 973
1484 973
809 973
856 807
1485 807
927 807
1486 807
1487 1488
40 1489
483 38
1490 38
1491 38
11 38
1273 38
1272 1271
1274 1271
588 1271
946 1492
1493 1492
622 1492
1494 621
100 621
744 1495
1496 1495
1251 1495
1041 1495
1497 1495
1498 1495
266 1499
50 1499
1269 1499
861 1499
735 860
767 860
50 860
1500 860
1501 860
1502 860
1503 860
705 860
589 860
1362 587
590 587
592 587
484 587
1076 485
601 485
1504 485
487 485
909 485
1505 485
277 485
1506 275
25 275
1487 275
1392 275
56 1391
202 1391
57 1391
547 1391
483 546
512 546
1078 546
1507 546
1089 546
523 546
1508 546
1092 546
1094 546
1509 546
548 546
1421 546
1510 1419
127 1419
1511 1512
1513 1512
1514 1512
925 1515
272 1515
1011 1515
1516 1515
136 1515
1402 1515
1517 1515
1518 1515
799 1515
1519 798
1520 1521
1368 1521
1522 1521
1275 1521
1523 1521
1524 1521
296 1521
1525 1294
920 1294
36 1294
1526 1527
1528 1529
658 1529
181 1529
954 1530
1531 1530
289 1530
338 1532
241 380
847 380
1362 380
1404 380
1533 380
1534 380
1535 1536
1537 1536
127 1538
1040 1539
131 1539
1032 1018
669 1018
1540 1018
742 1541
422 1541
136 1541
405 1542
1543 1542
630 1542
1077 1335
1544 1335
1545 1335
475 1335
1438 1335
1546 1335
477 1335
75 1335
524 1335
1230 1335
299 1335
1547 1548
184 1548
1549 1548
178 1548
869 176
950 176
948 176
958 176
1319 176
951 176
1049 176
957 176
952 176
1550 176
868 176
1551 176
953 176
1321 176
1322 176
1552 176
1553 176
1554 176
1257 1555
1258 1556
1557 1556
299 1556
925 1558
1559 1558
894 1558
50 1560
740 1560
738 739
741 739
921 739
742 739
929 739
1211 1561
1366 1561
589 1561
1492 588
1562 588
396 588
946 588
1421 588
645 1420
1563 1420
1425 1420
1564 1420
1510 1420
396 1420
1565 1566
1567 1566
1518 1568
134 1568
1019 133
1569 133
1021 133
474 133
483 514
900 514
1356 514
100 514
1570 514
519 514
1571 514
627 514
11 514
529 514
530 514
781 514
100 779
349 1572
165 1573
1574 1370
1575 1370
1576 1370
1577 1578
541 1578
127 1578
493 1578
651 1578
355 650
1138 650
379 650
356 650
444 650
1579 650
288 650
454 650
1580 650
231 650
359 650
456 650
232 650
457 650
929 650
1581 1582
1583 1582
750 1582
357 1582
356 358
1584 358
1585 1586
1587 1588
1589 1588
299 1588
153 1590
158 1590
115 1590
705 1591
49 1591
1592 1593
750 1593
1364 1594
885 1594
263 882
748 882
1595 882
1596 882
1597 1598
534 1598
892 1599
654 1599
660 659
657 659
1600 659
658 659
1601 659
954 1602
254 1603
330 1603
294 1603
550 293
549 293
218 293
1604 293
498 293
1472 495
623 495
624 495
1605 495
1606 495
483 495
485 1076
1083 1076
479 1076
285 1076
1607 284
326 284
625 324
444 324
452 324
522 324
329 324
459 324
1449 324
1361 324
1608 1360
1609 1610
100 1610
49 1611
980 1611
1544 1612
1613 1612
1614 1612
1615 1612
896 1612
1560 894
1616 894
50 894
431 894
755 429
754 901
1578 901
541 1576
127 1576
461 1576
709 1576
707 708
1228 708
710 708
1617 708
1229 708
1618 708
712 708
565 708
483 568
1619 568
1011 568
479 1620
528 1621
268 1621
314 1622
316 313
319 313
1623 313
1624 313
973 313
1482 1481
207 1481
1625 1481
1626 1627
13 1627
1287 1628
1084 1629
1630 1629
1291 1629
474 1629
511 515
518 515
49 515
530 515
796 515
537 795
493 795
930 795
1367 929
1561 929
1582 929
744 929
1631 929
1632 929
1633 929
1366 929
931 929
321 929
539 929
665 929
11 1634
536 1634
1039 534
1599 534
1635 534
1636 534
537 534
1637 534
1638 534
1639 1640
50 1640
920 1640
1641 1642
99 1642
826 825
381 825
1643 1644
27 1644
677 1645
256 1645
483 1645
1335 1077
1646 1077
1475 1077
1647 1077
1540 1077
742 1648
422 1648
1649 1648
1541 1650
1648 1540
1170 1540
50 1540
1651 1540
896 1540
1301 895
1300 895
1652 895
1653 895
1302 895
1654 895
1655 895
1304 895
1656 895
1657 895
1658 895
981 895
1659 978
1516 978
1660 978
1661 978
1662 1663
1664 1663
262 1663
875 261
127 261
750 261
1462 261
1040 261
66 261
1463 261
565 261
483 569
567 569
254 569
479 569
1665 569
646 569
1421 644
1666 644
1667 644
333 644
365 332
336 332
337 332
1183 332
645 1181
1423 1181
414 1181
1425 1181
1626 1181
326 1668
435 325
1669 325
1670 325
330 325
1671 325
139 1672
814 138
140 138
1059 138
595 138
596 593
597 593
520 593
218 593
1673 1674
1675 1674
1676 1677
1678 1677
1679 1677
804 1677
1680 1677
379 1681
835 1351
1682 1351
1683 1351
1684 1685
13 1685
15 1686
19 1686
182 1686
180 181
1530 181
183 181
1531 181
184 181
1687 181
288 1688
68 1688
210 100
653 100
701 100
719 100
99 100
780 100
652 100
1495 100
514 100
1572 100
1611 100
1689 100
1142 100
1143 100
903 100
1690 100
1221 100
1691 100
1692 100
1146 100
1693 100
104 100
718 100
1694 100
101 100
1147 100
1695 100
904 100
702 100
1696 100
1615 100
721 100
59 100
61 1697
405 1697
983 1698
673 1699
671 674
350 674
1700 348
1701 348
1702 348
1147 348
1703 348
530 348
300 348
301 298
1533 298
184 298
1704 298
1692 298
1705 1706
116 1706
1591 115
10 115
1502 115
117 115
1707 115
1056 115
1708 1055
1445 1055
484 1055
801 486
483 486
479 486
548 486
262 486
882 263
884 263
1709 263
127 263
1710 263
1711 263
1712 263
474 263
553 516
906 516
1514 516
1713 516
552 516
1714 516
1715 516
1716 1717
1185 1718
127 1184
1719 1184
1720 1721
1722 1721
262 1721
1723 264
127 264
235 1724
1295 1724
1328 1724
1371 1724
53 1725
1036 1725
1726 1034
285 1034
283 286
1477 286
1727 1476
1705 1476
945 1476
1398 944
946 944
339 944
1728 944
648 1729
1730 1729
1731 1729
646 1729
1421 645
1420 645
1181 645
1423 645
1425 645
25 645
1732 1733
1734 1733
1252 1735
127 1250
1736 1250
1737 1250
814 1250
423 1415
96 1415
684 1415
541 1415
268 1738
1739 1738
23 1738
749 1738
882 748
884 748
555 748
534 1740
1741 1635
1742 1635
1 1743
49 0
1744 0
378 0
982 1062
1745 1062
1746 1747
100 1748
1749 1689
722 1689
1750 997
1751 997
1752 997
1753 997
1508 997
999 997
1754 997
1307 1755
1756 1305
1757 1305
58 1305
1758 1305
1759 1305
1760 1305
1677 1761
804 1675
1077 1675
1762 1646
573 1646
1647 1646
182 1646
181 183
954 183
1763 183
1438 183
1314 183
1764 183
430 1765
1766 1765
127 1765
432 1765
1218 1765
976 1765
1767 1765
1270 1765
1285 1765
1768 1765
585 1765
582 1765
1474 581
495 1472
623 1472
1766 1472
1605 1472
218 1472
1559 1769
1770 1771
689 1771
830 1772
1773 1772
1774 1772
1775 1772
1226 1772
1230 1772
240 1772
1396 242
715 242
1407 242
1776 242
1493 242
1158 242
6 242
1478 5
1777 5
6 1778
483 7
546 1078
548 1078
483 1078
1064 1079
1106 1079
1212 1079
1561 1211
1779 1211
1780 1211
1781 1211
1782 1211
1783 1211
987 1211
1784 1211
1785 1211
1786 1211
1787 1211
1259 1211
344 1788
1205 342
343 342
74 342
479 641
466 641
1191 463
1789 463
1790 463
1435 463
1791 463
517 463
465 463
481 463
1516 463
1494 463
1792 463
396 463
1793 463
551 463
1794 463
1795 463
1685 1796
1684 1683
49 1683
8 1797
1311 1170
1540 1170
145 1170
423 1170
131 1170
133 1019
135 1019
136 1019
444 1019
1798 1448
804 1448
1362 1448
1799 1394
1800 1801
1802 1801
985 1801
1803 984
305 984
1436 1413
555 1413
677 1413
870 1413
1804 1265
665 1265
11 1805
665 1805
435 1806
1807 436
1345 436
1808 1343
1716 1343
1809 1343
1267 1810
198 1266
1811 1266
459 1812
1559 1813
1814 1815
1816 1815
11 1815
555 1815
1670 1817
618 1817
619 1818
1819 1818
127 1820
568 1820
127 1619
204 1821
746 1821
1039 744
1495 744
929 744
745 744
1559 744
127 744
1187 744
747 744
931 744
1251 744
492 744
268 744
1041 744
1497 744
1521 744
1368 1519
541 1519
1822 1823
1824 1823
127 1823
492 1823
1131 1823
53 1130
1379 1825
1826 1825
445 1827
443 446
1828 446
575 446
1829 446
1830 446
1831 1832
1339 1832
1833 1338
1834 1338
371 1338
1340 1338
1341 1338
488 1338
529 1338
1835 1338
338 1338
707 381
1644 381
1643 381
126 381
271 124
139 124
137 140
814 140
138 140
1836 140
49 140
530 1837
1838 1837
1839 1837
616 1840
1841 615
1298 615
1842 615
1843 615
1844 1845
1846 1845
1847 1845
1848 1845
1849 1845
1850 1845
1851 1845
1852 1845
1853 1845
1854 1855
1286 1855
1190 1855
1629 1287
1856 1287
1857 1287
1084 1287
1290 1287
1858 1287
1291 1287
165 1287
1725 1371
1008 1371
120 1859
964 1859
96 1859
122 1859
1828 1859
1570 1860
127 1861
1862 1861
1358 1861
1606 1861
1863 1864
222 1864
223 221
1862 221
224 221
955 221
1350 954
1530 954
1603 954
183 954
1865 954
1866 954
577 954
1858 954
1867 954
773 1868
1168 1868
1869 1868
210 1870
673 209
1871 209
1269 209
348 1872
50 1700
1147 1700
1873 1700
665 1700
1404 1874
1406 1403
27 1403
667 1403
1875 1403
1065 1403
1068 1066
483 1066
479 1066
50 1066
1248 1066
614 1246
218 1246
1876 1246
1877 1878
1879 1880
1881 1880
1882 1880
1883 1880
37 1880
36 35
105 35
405 1884
1885 1884
1411 1884
1687 1410
1886 1410
1533 1410
1887 1410
758 1410
1522 756
1369 756
1888 756
1889 1890
183 1890
1891 1763
149 1763
754 1763
1892 1763
1801 1763
1893 1799
1894 1799
49 1799
1705 1799
1315 1799
1895 1313
1896 1897
459 1897
1898 1897
972 1897
1053 971
687 971
1226 971
1052 971
200 971
435 198
861 198
1267 198
1109 198
236 198
1392 198
1266 198
1899 198
1372 198
166 198
1900 198
169 198
1901 198
1268 198
1203 198
345 198
1341 198
1902 198
1903 198
1904 198
107 198
1905 198
1110 198
1269 198
1906 198
1907 198
201 198
1466 198
445 198
1138 447
448 447
1908 447
961 447
1909 447
962 447
1342 447
470 447
458 447
1910 447
1911 447
615 447
1298 1841
1912 1841
1913 1841
1792 1841
1914 1841
1915 1841
1916 1841
1842 1841
445 1841
447 448
1908 448
961 448
1909 448
962 448
1917 448
1342 448
458 448
1910 448
338 448
379 382
1918 382
1919 382
1660 382
1920 382
341 382
126 382
1334 125
271 125
666 125
128 125
1299 125
615 1298
1841 1298
1912 1298
1913 1298
1792 1298
1914 1298
649 1298
648 647
1921 647
635 647
1922 1923
1924 1923
1819 1923
532 1923
1084 1923
1216 1925
1290 1925
338 1925
709 383
710 383
1926 383
1643 383
11 383
878 383
261 875
877 875
127 875
709 875
1228 710
708 710
383 710
1617 710
11 710
1618 710
712 710
32 710
450 1023
1927 1023
550 1023
291 549
293 549
573 549
1007 549
233 1005
1928 1005
541 1005
127 1005
1929 1005
1930 1005
693 1005
1931 1005
393 1005
1892 1005
1007 1005
1932 1006
330 1006
218 1006
447 1933
448 1908
1934 1908
1935 1908
1910 1908
1936 1908
1230 1937
988 1937
1918 1937
1494 1938
127 1938
1084 1939
1291 1939
1940 1939
1270 1941
1887 1941
740 1941
738 741
960 741
1386 741
739 741
1396 741
1942 741
921 741
742 741
1943 741
743 741
1944 741
127 1945
1946 1945
542 1945
127 540
543 540
544 540
198 540
95 1899
534 1899
1947 1636
1496 1636
1637 1636
1948 1636
1949 1636
412 1636
1950 1951
1507 1951
1712 1952
446 1952
1860 1828
1953 1828
1954 1828
127 1955
1225 1955
1956 1955
1305 1955
1306 1756
62 1756
652 1756
100 1142
1143 1142
1146 1142
902 1142
238 1142
966 237
49 237
1957 237
1958 237
321 1959
1960 1959
666 1959
892 1961
1283 1962
240 1962
285 243
271 243
247 243
1963 243
81 1964
153 1965
1627 1965
736 1625
704 734
55 734
1319 734
868 1318
854 1318
1845 1318
1844 1843
1670 1966
1967 1966
184 1966
1968 1966
1845 1966
1966 1844
1670 1844
1967 1844
1969 1844
184 1844
1968 1844
136 1844
1970 1844
861 1971
1972 862
934 862
997 932
1752 1750
1973 1750
1974 1750
1975 1750
1976 1750
49 1977
1445 1977
1978 1979
240 1980
1161 244
1406 244
211 244
1731 1981
1921 1981
213 1981
214 1981
964 1981
95 1982
736 1982
704 735
860 735
737 735
50 735
704 735
53 765
1379 765
861 765
1346 863
1983 863
11 863
1984 863
1606 863
977 1985
1863 1985
1986 1985
165 1985
198 1372
168 1372
169 1372
1987 1372
348 1372
1988 1701
50 1701
1955 1701
233 1954
1824 1954
127 1954
314 1954
1989 315
127 315
1990 315
1041 315
1991 315
1992 1993
1994 1993
1995 1993
1996 1993
315 1997
1998 1989
1999 1989
1253 1989
1855 1989
2000 1853
1854 1853
1831 1853
595 1853
2001 594
1586 594
2002 1584
2001 1584
1010 2003
1859 1008
120 1008
682 1008
1325 1008
1327 1324
463 1324
2004 1789
1808 1789
2005 1789
997 1789
1753 1751
525 1751
1059 1751
981 1751
1612 980
835 980
2006 980
983 980
2007 980
2008 2009
1754 2010
950 2010
176 951
952 951
868 951
854 951
1182 951
1975 1180
1752 1180
597 2011
2012 2011
1059 2011
240 2011
338 245
386 245
105 245
404 245
339 245
589 245
1362 590
587 590
591 590
1401 590
2013 590
592 590
417 590
415 418
416 418
871 418
874 418
699 418
700 418
1804 418
379 418
1031 1352
688 1352
687 689
1772 689
127 689
1225 689
1989 689
1999 1998
876 1998
1845 873
136 1846
1499 1846
541 1498
127 1498
1040 1498
2014 1498
2015 1498
1040 2016
1515 2017
516 1514
1713 1514
2018 1514
1159 1514
1397 1157
1140 1157
1031 1157
1421 1157
1995 1422
1425 1422
2019 1422
463 2020
184 1790
2002 1790
636 1790
1923 635
1922 635
127 635
2021 635
2022 635
532 635
2023 635
763 2024
838 761
1194 761
2025 761
1749 761
2026 761
2027 761
2028 761
2029 761
620 761
1818 618
316 618
2030 618
2031 618
1662 2032
2033 2032
50 2032
514 2032
1861 1570
299 1570
925 1570
571 1570
908 1570
910 1570
2034 1570
2035 1570
1197 2036
2037 2036
924 2036
994 923
131 923
2038 923
925 923
926 923
275 923
2039 1506
1911 1506
1863 1506
1714 2040
338 2040
53 384
185 384
565 374
713 374
403 374
1335 374
1612 1544
2041 1544
2042 1544
975 1544
973 974
977 974
652 974
100 1143
1142 1143
1004 1143
1001 1003
1258 1003
304 1003
2043 2044
888 2044
1947 887
1569 887
1301 887
895 1300
2045 1300
1304 1300
1868 1300
773 1867
2046 1867
338 1867
379 385
272 385
339 385
1491 385
541 2047
127 2048
543 2048
834 2048
1191 832
1478 832
833 832
1435 832
1479 832
551 832
2010 832
703 2008
2049 2008
1197 2050
834 2050
1478 833
832 833
1479 833
2051 833
232 833
2052 2053
546 2053
1952 1507
2054 1507
2055 1507
2056 1507
2057 1507
270 2058
1462 2058
445 2058
2059 449
2060 449
2061 449
167 449
198 166
167 166
165 168
1372 168
169 168
1987 168
490 168
367 489
491 489
2062 489
178 2063
2064 177
1211 177
1780 1779
1781 1779
2065 1779
2066 1779
1784 1779
1785 1779
1786 1779
1787 1779
923 1779
2067 2038
995 2038
2068 2038
2069 2038
2070 2038
1517 2038
2071 2038
899 2038
100 903
2072 903
49 903
904 903
895 903
2073 1652
2074 1652
1211 1652
1779 1780
1781 1780
2075 1780
1213 1780
2076 1780
868 2077
854 2077
969 2077
237 966
127 966
968 966
1471 966
2078 966
49 966
678 2079
679 1114
681 1114
1123 1114
1128 1114
314 1114
313 316
618 316
127 316
2030 316
2080 316
1049 316
1050 2081
952 2081
868 2081
854 2081
2082 2081
1362 2081
1396 1395
2083 1395
1311 1395
1983 1310
555 1310
299 2084
2085 2084
2055 2086
127 2086
885 2087
263 884
748 884
1595 884
408 884
188 407
1362 407
242 1396
741 1396
1395 1396
1397 1396
1493 1396
1061 1396
1729 1396
2088 1728
283 1728
483 915
642 915
479 915
520 915
1721 915
1720 1719
2089 1719
1989 1719
1998 1999
2090 1999
2015 1999
2091 1999
1918 1999
1562 2092
1765 2092
2093 1764
2094 1764
678 1764
1128 1115
997 1115
1750 1752
2011 1752
141 1752
142 1752
1059 1752
1305 1752
2095 1757
62 1757
150 1757
1411 147
2096 147
149 147
151 147
1199 147
664 1464
2097 662
247 662
2098 662
389 662
665 662
248 662
373 662
428 662
2099 426
427 426
2100 426
780 426
2101 1054
2102 1054
11 1054
1755 1054
2010 1754
1897 1754
25 1895
1896 1895
2103 1895
1943 1895
459 1895
1944 1895
127 2104
203 2104
566 2104
576 1429
2105 1429
622 1429
580 623
495 623
1472 623
2106 623
1605 623
586 623
1190 623
1819 1288
1084 1288
1216 1288
895 1288
1304 1653
1657 1653
301 1653
2107 2108
1964 2108
299 1963
1428 1963
74 1426
283 642
483 642
915 642
479 642
1101 642
139 642
1752 141
142 141
2109 141
1975 141
1379 141
871 2110
680 872
1114 679
317 679
987 2111
2112 2111
2113 2111
2114 2111
2115 2116
2117 2118
854 2119
2120 2119
127 2119
652 2121
2122 1144
184 1144
2123 2124
2125 2124
2001 2124
2126 2127
1476 2127
997 1727
1751 1753
1059 1753
2128 1753
2 2129
70 2130
72 69
73 69
1163 69
2131 1162
1164 1162
127 1162
2132 2133
1273 2133
1271 1272
1274 1272
2134 1272
1796 2135
882 1795
884 1595
1631 1595
435 1595
1807 437
1436 437
463 1435
832 1435
555 1435
1703 1435
936 1435
265 935
937 935
2075 935
1597 935
1545 935
1546 2136
2056 2136
1034 2136
2137 1726
1502 1726
2138 1726
2139 2140
2141 2142
2143 2144
1731 2145
2146 2145
1615 2147
81 2148
1188 2149
2150 2149
754 2149
439 2149
2151 2152
1980 2152
1338 1978
1811 1833
1340 1833
1341 1833
1370 1833
431 1574
1404 430
1765 430
1038 430
127 1166
1568 1166
23 1567
2153 1567
2154 2155
2156 2155
1810 2155
2157 1809
180 1809
2158 752
184 752
1521 752
2159 1520
1937 1520
877 1936
127 1936
1774 1936
1775 1936
2160 1936
1230 1936
2161 1936
483 1936
81 1080
1094 1080
2162 1080
1977 2163
640 1976
2164 1976
1997 1976
2165 1996
1984 1996
2166 1996
1900 1996
2167 2168
1439 2168
767 2168
1664 2168
2169 2168
50 2168
123 2168
189 120
834 120
406 120
1262 120
1859 120
1008 120
410 120
2170 120
411 120
1585 120
1950 120
95 120
525 120
685 120
192 120
193 120
1261 120
1263 120
351 120
447 961
448 961
2039 961
962 961
1935 961
1506 961
961 2039
1389 2039
458 2039
379 2039
2171 1353
100 2172
2173 1690
11 1690
1287 1690
1084 1856
1630 1856
1290 1856
1291 1856
65 1856
687 63
1468 63
127 63
1295 63
498 63
500 497
1024 497
1027 2174
2175 2174
789 2174
557 2174
508 555
955 555
707 555
483 555
567 555
1740 555
1413 555
1817 555
2084 555
1435 555
81 555
2176 555
1229 555
403 555
2177 555
2178 555
2179 555
349 2180
2181 2182
2183 2184
2185 2184
2181 2186
127 2187
1578 2187
450 1577
2188 1577
42 1577
2189 1577
2190 1577
595 1577
593 596
601 596
479 596
1893 596
1894 2191
2192 2191
15 2193
2194 2193
18 2193
19 2193
1379 2193
284 2195
2007 1607
2196 1607
1636 1607
887 1947
1145 1947
2197 1947
127 1947
2198 1947
2199 2200
2038 2201
572 2067
1988 2202
1437 2202
2203 2202
678 2202
2204 1116
854 1116
1108 1116
1530 1107
181 1531
1845 1531
330 1847
1663 1847
199 1661
345 1661
846 1661
272 1661
1393 2205
803 2205
1234 2205
1232 1233
2206 1233
1368 1233
1197 1233
675 1233
777 1233
775 776
778 776
2184 776
2187 2181
233 2181
1944 2181
2183 2181
1295 2181
1195 2181
127 1193
32 1193
2174 1024
1057 1024
992 1024
46 1024
48 44
649 44
1729 648
647 648
1731 648
1921 648
53 648
1223 648
100 1221
1569 1221
119 1221
2207 1221
2208 1221
50 2209
2210 2209
447 2211
448 1909
2212 1909
1582 1909
877 1581
750 1581
1364 1581
27 1581
2213 2214
667 2214
2215 2214
483 2214
2056 1081
1418 1081
439 1417
1923 1417
635 1922
1338 1922
371 1834
1340 1834
1341 1834
1093 1834
300 1834
772 299
443 299
1480 299
1548 299
1558 299
1590 299
1570 299
2084 299
1963 299
2216 299
287 299
1465 299
773 299
467 299
1229 299
2217 299
1354 299
521 299
2218 299
1783 299
2219 299
1342 299
591 299
1355 299
2070 299
2095 299
2220 299
395 299
1160 299
255 299
135 299
575 299
530 299
1983 299
140 2221
2007 1836
1974 1836
1871 1836
2222 1836
2223 1836
2224 1836
668 1836
1374 1836
2225 1836
527 1836
2226 1836
440 1836
16 1836
1628 13
1686 13
15 13
19 13
1677 13
1720 1676
804 1676
2227 1676
1770 2228
704 2229
861 766
55 766
56 766
202 766
846 766
622 2230
580 624
495 624
2231 624
1452 624
1854 624
2232 624
2233 624
49 624
11 2234
2235 2234
1735 2234
24 1734
25 1255
2116 1255
450 2114
53 2114
2236 2114
405 2114
463 2237
565 1791
579 570
1507 570
210 2054
1981 211
1731 211
1672 211
746 1671
744 745
2030 745
1878 745
314 1876
2111 317
2134 317
1773 317
987 317
2238 317
1990 317
1042 317
1325 2239
1711 1326
1329 1326
929 1326
1595 1631
127 1631
1328 1631
1362 1631
1157 1397
1396 1397
541 1397
1824 2240
127 2240
1040 2240
263 2240
2241 1709
127 1709
2242 1709
1511 1709
1712 1709
26 1709
326 25
24 25
275 25
1733 25
1895 25
1255 25
2243 25
327 25
2244 25
2245 25
2224 25
328 25
288 25
2246 25
303 25
2247 25
329 25
454 25
2248 25
2103 25
1935 25
2249 25
90 25
846 88
1870 88
474 1869
483 517
463 517
2250 517
1508 517
421 517
2251 420
2252 420
999 420
2253 420
25 420
2254 2243
2249 2243
1460 2243
177 1459
2255 2064
892 2064
2256 2064
809 2064
2257 808
2258 808
2259 808
2260 808
2261 808
1433 808
173 808
2262 808
811 808
139 808
814 142
1752 142
141 142
423 142
1059 142
49 142
891 2263
890 889
1116 889
2264 2204
2255 2204
1348 2204
2265 2204
1128 2204
1054 2204
1348 2101
727 2101
729 726
1873 726
995 2266
2267 2268
218 2269
1750 2270
2146 1973
1975 1973
198 1973
2168 1900
1901 1900
50 1900
1301 1900
895 1302
1655 1302
1301 1302
1304 1303
1656 1303
369 1303
490 367
236 367
489 367
1312 367
1504 367
2271 367
1571 367
262 2272
733 265
935 265
1583 265
2090 265
1503 265
1712 265
2009 265
1607 2007
1836 2007
283 2007
1763 916
81 1891
1762 1891
127 1891
2000 1891
268 1891
2139 1891
2206 1891
1368 2273
1197 2273
1369 2273
84 2273
796 81
509 81
930 81
483 81
1189 81
1075 81
1965 81
2149 81
1080 81
555 81
1891 81
537 81
127 81
1830 81
1084 81
153 81
268 81
2022 81
987 81
629 81
1093 81
1094 81
1095 81
1491 81
2238 81
1096 81
343 81
1097 81
528 81
652 81
1947 1145
2274 1145
558 1145
2218 2275
2276 2275
1802 2275
49 2277
559 2277
1190 556
1084 1289
1858 1289
1291 1289
1677 1289
240 1678
239 246
1669 246
184 246
273 246
676 271
124 271
125 271
243 271
128 271
1020 271
808 271
2262 2257
2109 2257
1061 2278
990 2278
1732 1154
1155 1154
1280 1154
1708 1154
2279 2280
1704 2281
2282 2281
405 2281
1801 2281
1802 1800
1027 1800
2175 1800
408 1800
1263 409
1923 409
1316 1924
625 1924
1924 1316
155 1316
1102 1316
60 1316
1305 58
59 58
1306 58
61 58
1758 58
62 58
2193 58
15 2192
19 2192
2283 2192
1559 2284
1883 2284
60 2284
1697 59
58 59
61 59
1758 59
62 59
408 59
406 410
120 410
2285 410
1950 410
191 410
896 410
1056 897
1057 897
50 897
11 897
2286 897
1311 897
236 1312
1347 1312
367 1312
2287 1312
1478 1312
832 1479
833 1479
835 1479
820 1479
2119 1479
2288 2117
2289 2117
2290 2117
2204 2117
1348 2264
2291 2264
100 2264
49 1691
1001 1691
1556 1257
2292 1257
1258 1257
1557 1257
1420 1257
2293 1563
1424 1563
1425 1563
1564 1563
234 1563
311 233
972 233
1005 233
1954 233
2181 233
2294 233
1944 233
127 233
2295 233
362 233
2296 233
2297 233
2298 233
2299 233
2300 233
2301 233
1688 233
1410 1687
2302 1687
978 1687
2284 1659
1881 2283
1883 2283
100 2283
1706 1692
50 1692
2303 1692
2304 1692
1293 1692
1522 1292
1369 2305
2306 2305
2307 2305
2216 2305
1670 2308
677 2308
373 2308
2073 2308
1877 2309
2310 2309
2074 2309
2311 2309
1809 2309
498 2157
500 499
2312 499
2313 2314
834 2314
1478 835
1351 835
980 835
1479 835
2315 835
2071 835
1640 835
1639 1638
353 1638
1388 352
288 352
2316 352
326 352
25 327
27 327
330 327
1652 327
2309 2073
2317 2073
1877 2073
2318 2073
2319 2073
2320 2073
2321 2073
2310 2073
2074 2073
1609 2073
2322 2073
2311 2073
299 2073
2308 2216
1229 2216
677 2216
851 2216
2032 2216
925 2031
2098 2031
41 2031
50 2031
1920 2031
604 2031
233 1451
127 2294
1801 2294
2277 1802
1800 1802
25 1802
2323 2244
1695 2244
708 2324
710 1617
1229 1617
11 1617
218 1617
1673 2325
2326 2325
895 2325
1655 1654
1304 1654
1656 1654
1657 1654
761 1654
2028 2025
924 2025
1362 925
1515 925
1558 925
1570 925
923 925
2031 925
2327 925
996 925
1670 925
2328 925
573 925
41 925
848 925
2329 925
330 925
2330 925
926 925
2331 925
2013 925
1649 925
1131 925
925 1132
2328 2327
573 2327
2330 2327
1663 2327
2032 1662
1135 1662
1233 1662
2273 2206
1368 2206
1197 2206
675 2206
1369 2206
1524 2206
314 2206
319 318
1041 318
2332 318
1410 318
361 1886
1197 360
1029 360
229 360
288 227
454 227
232 227
38 227
120 1490
2333 2170
555 2170
2083 2176
1750 2176
1836 1974
1374 1974
330 1974
2226 1974
1975 1974
1083 1974
479 2334
1005 2334
541 1928
127 1928
154 1928
153 152
2335 152
2336 152
1307 152
1756 1306
58 1306
1758 1306
1133 1306
62 1306
2337 1306
1824 1306
2338 2339
2340 2339
2014 2339
1947 2339
127 2197
892 2197
11 2197
2241 2197
1889 2341
2342 2343
662 2343
666 2097
330 2097
2344 2097
406 2097
412 963
878 963
1212 877
875 877
1936 877
1581 877
127 877
2345 877
257 877
750 877
2346 877
937 877
2086 877
1781 2085
240 2085
285 247
243 247
662 247
408 247
120 411
685 411
414 411
595 411
1065 597
483 597
593 597
2011 597
1953 597
599 597
600 597
2012 597
1799 597
2191 1893
1705 1893
167 1893
236 169
198 169
1372 169
168 169
1110 169
536 169
934 535
2251 933
2347 933
2348 2349
266 2349
654 2350
659 660
657 660
11 660
3 2351
1646 2351
1891 1762
624 1762
1808 2231
542 2231
794 541
1063 541
1409 541
1578 541
1576 541
1738 541
1823 541
1005 541
1498 541
2048 541
2240 541
1928 541
127 541
2345 541
2352 541
2353 541
2354 541
2355 541
280 541
2340 541
493 541
544 541
1332 541
1331 1330
1558 1330
1771 1559
1815 1559
744 1559
2284 1559
2356 1559
2357 1559
2358 1559
848 1559
1041 1559
1017 1559
1470 1070
829 1070
827 828
830 828
338 828
377 386
379 386
245 386
1393 386
405 386
2201 386
1041 2199
1051 2199
176 1049
2081 1049
854 1049
2082 1049
1051 1049
2081 1050
854 1050
2082 1050
2315 1050
397 2359
1407 2359
2360 2359
1345 2359
1808 1344
1335 1344
2136 1545
1546 1545
1488 1545
973 1486
1481 1482
1483 1482
207 1482
973 1482
1482 1483
1247 1483
207 1483
1218 1483
1297 1483
162 1483
2002 2361
1016 2361
2362 1015
2363 1015
2364 1015
1741 1015
2365 1015
2366 1015
2367 1015
2368 2369
147 2369
2370 2096
2096 2096
314 2370
313 319
318 319
127 319
1041 319
163 319
2361 162
2371 162
1983 162
1537 2372
2041 2372
198 2372
1900 1901
2373 1901
483 1901
1089 1082
1234 1082
1236 1235
2037 1235
994 1235
131 995
2038 995
2268 995
2147 995
1973 2146
601 2146
520 2146
2374 2146
802 2146
529 2375
25 2375
1507 2245
2086 2055
320 2055
1958 2055
538 2055
2376 2055
2377 2055
2190 2378
2379 2378
219 2378
225 1450
2380 1450
2381 1450
2251 2382
2252 2382
1975 2382
2383 2382
800 2382
1363 1276
1458 1276
996 1276
2098 1276
591 1276
330 1276
1908 1276
2384 1934
28 1934
453 1934
42 1934
1151 1934
127 1149
17 1149
1368 1149
1369 2385
1563 2385
1424 2293
1425 2293
792 2293
281 791
127 278
280 278
2386 278
958 2387
176 957
49 957
1055 2388
2280 1708
849 1708
314 1708
1176 320
2055 320
1177 320
2376 320
322 320
994 320
925 996
1276 996
892 996
1582 996
265 1583
1710 1583
1328 1583
896 1583
1309 898
325 898
246 1669
666 1669
1210 1669
200 1669
346 199
1661 199
283 199
1799 917
2191 1894
1348 1894
2291 1894
1127 1894
2129 1894
1670 2128
1640 2128
1638 1639
325 1639
1817 1670
1966 1670
1844 1670
2308 1670
925 1670
2128 1670
2389 1670
2068 1670
1967 1670
2390 1670
2069 1670
1229 1670
2391 1670
2392 1670
393 1670
1160 1670
575 1670
1968 1670
2393 1670
433 1670
2394 1670
2178 1670
2395 1670
330 1670
1158 1670
1155 1670
2175 2396
1789 2396
1808 2004
2005 2004
2018 2004
1918 2004
786 2397
787 784
789 784
1211 784
1779 1781
1780 1781
2085 1781
1782 1781
2398 1781
127 1781
2399 1781
2335 1781
267 1781
2400 1781
2066 1781
1784 1781
2401 1781
1785 1781
808 1781
2260 2258
1778 2258
1733 1777
1154 1732
2402 1732
93 2403
94 92
95 92
439 92
2073 92
2318 2317
2074 2317
2404 2317
2405 2317
1841 2406
1298 1912
1914 1912
688 1912
127 690
383 690
2137 1926
2407 1926
406 1926
1859 964
1982 964
1950 964
94 964
2408 964
678 964
49 1117
1128 1117
1257 1117
1258 2292
1557 2292
1709 2292
2341 2241
127 2241
1294 2241
483 1525
1076 1083
2334 1083
1090 1083
548 1083
833 1083
2409 2051
348 2410
1087 1702
530 1702
1084 1702
1736 2411
1737 2411
829 2411
1038 830
1772 830
828 830
1204 830
476 830
483 475
1335 475
477 475
479 475
1779 475
2412 2065
1065 2065
1073 1067
1211 1067
1781 1782
2398 1782
819 1782
1197 817
16 817
1686 15
2193 15
13 15
2192 15
17 15
18 15
19 15
1232 15
1521 1368
1519 1368
1233 1368
2273 1368
2206 1368
2385 1368
1197 1368
1238 1368
675 1368
1275 1368
1369 1368
1523 1368
2159 1368
1524 1368
759 1368
626 1368
1335 1438
183 1438
847 1438
2413 1209
1028 1209
1029 2414
1379 2414
536 2415
796 537
795 537
534 537
81 537
797 537
2416 537
942 2417
1418 939
941 939
1267 939
198 1268
1269 1268
563 1268
2315 959
1407 959
1765 959
1472 1766
1218 1766
377 1766
2418 714
846 714
382 714
1938 1918
2092 1918
2397 1918
1562 1918
1919 1918
1494 1918
982 1918
602 1918
53 2419
60 2419
1697 61
58 61
59 61
62 61
678 61
1123 1118
1125 1118
1128 1118
1880 1118
2309 1877
2073 1877
53 1877
2321 1877
2310 1877
2074 1877
2311 1877
283 1877
1334 918
663 1333
604 1333
624 1452
2232 1452
1941 1452
1110 1940
1112 2420
1441 2420
1897 2420
1895 1896
1943 1896
1898 1896
312 1896
2421 1432
2186 1432
127 2185
2422 2185
2297 2185
1820 2185
1923 1819
1288 1819
2423 1819
1084 1819
1630 1819
640 1819
2424 1819
1819 1819
640 2423
2424 2423
1945 2423
2104 1944
2181 1944
233 1944
127 1944
203 1944
1291 1944
954 1944
232 1865
1602 1865
262 1601
1499 266
2350 266
127 266
338 266
272 387
602 387
1089 2425
850 2425
1708 849
2426 849
1670 849
2392 2389
2395 2389
1823 2389
1824 1822
127 1822
285 1822
299 287
256 287
1113 287
198 1203
1559 1203
2427 2356
150 2356
1411 149
1763 149
147 149
598 149
2150 149
1393 149
151 149
652 149
100 1146
1142 1146
2428 1146
100 2429
49 1693
50 1693
950 1693
176 952
951 952
2081 952
854 952
953 952
1322 952
1552 952
1553 952
106 952
100 104
71 104
72 104
854 104
73 104
1909 104
445 2212
1023 450
1577 450
2114 450
2274 450
1335 450
2136 1546
1545 1546
1468 1546
127 1467
687 1467
1824 1224
594 1224
2003 2001
2127 2001
692 2001
2430 2001
1781 2001
1782 2398
267 2398
273 2398
338 272
379 272
1515 272
385 272
2205 272
387 272
2431 272
2217 272
391 272
394 272
396 272
402 272
2432 272
2433 272
341 272
2434 272
1474 2435
2106 1473
1475 1473
548 1473
623 1473
1473 2106
1475 2106
1474 2106
1077 1475
1473 1475
2106 1475
1647 1475
588 1475
2092 1562
1918 1562
70 1562
104 71
70 71
69 72
104 72
2409 72
1823 72
1954 1824
2240 1824
2339 1824
1822 1824
1224 1824
2352 1824
2353 1824
235 1824
2340 1824
2014 1824
46 1824
47 45
48 45
786 45
53 785
808 785
170 2259
2436 2259
2437 2259
1883 2259
279 2438
2196 276
49 276
1905 2439
2196 2440
1056 2440
1163 1057
1024 1057
897 1057
1164 1057
1027 1057
1162 1057
1164 2131
1529 2131
1528 1526
2441 1526
1529 1526
1526 1528
2100 1528
346 1528
198 345
1661 345
1934 345
778 2384
2060 2384
678 2384
2442 1119
50 1119
1362 1119
944 1398
1493 1398
1006 1398
136 1932
1684 1932
274 1932
854 1932
1348 2443
49 2443
1552 2443
1128 2443
1098 2443
1103 2444
1106 2444
372 2444
1338 371
1834 371
2223 371
1093 371
2445 371
1921 371
53 371
474 371
515 518
49 518
530 518
272 518
1393 2431
803 2431
688 2431
127 691
695 691
2077 691
868 2076
854 2076
2446 2076
2038 2076
1670 2068
2447 2068
808 2068
2258 2260
565 2260
563 571
1570 571
572 571
1988 571
578 571
2448 571
106 571
1884 105
245 105
2449 105
2450 105
829 105
827 831
474 831
483 519
514 519
627 519
32 519
2451 1025
861 1025
50 864
2274 864
2452 864
91 864
2259 170
173 170
2437 170
1950 170
300 2453
970 301
298 301
2108 301
2454 301
451 301
1969 301
2455 301
2123 301
2013 301
1548 301
466 1547
463 465
1248 465
1317 1247
1483 1247
85 1247
1559 1247
2189 2357
2456 2357
677 2457
2458 2459
126 2459
148 127
234 127
262 127
297 127
311 127
314 127
417 127
472 127
542 127
688 127
415 127
416 127
733 127
746 127
749 127
888 127
930 127
936 127
510 127
686 127
1173 127
1176 127
1185 127
1195 127
1212 127
687 127
1468 127
1512 127
1539 127
1578 127
1576 127
261 127
263 127
1184 127
1724 127
1250 127
1765 127
1820 127
1821 127
744 127
1823 127
1861 127
875 127
1005 127
1939 127
1945 127
540 127
1955 127
1954 127
315 127
689 127
1498 127
635 127
2048 127
966 127
316 127
2087 127
2104 127
2121 127
2133 127
1166 127
1936 127
63 127
2187 127
1947 127
1193 127
1631 127
2240 127
1709 127
1891 127
81 127
233 127
2294 127
1928 127
2197 127
877 127
541 127
319 127
1149 127
278 127
1781 127
690 127
2241 127
2185 127
1944 127
266 127
1822 127
1467 127
691 127
2399 127
1186 127
692 127
2460 127
2295 127
1084 127
2461 127
1177 127
2462 127
1187 127
1930 127
2463 127
2464 127
693 127
538 127
203 127
1216 127
2465 127
1471 127
2466 127
1251 127
2467 127
2468 127
392 127
2345 127
257 127
2376 127
2312 127
2296 127
2352 127
2353 127
492 127
1037 127
321 127
1960 127
268 127
2469 127
793 127
2165 127
1783 127
2470 127
2354 127
393 127
2022 127
2355 127
1630 127
699 127
280 127
1469 127
235 127
987 127
394 127
750 127
1290 127
2471 127
322 127
2422 127
2338 127
2297 127
2400 127
2472 127
323 127
694 127
695 127
696 127
2473 127
1226 127
2160 127
1462 127
920 127
2298 127
17 127
543 127
700 127
1739 127
1040 127
2474 127
2113 127
772 127
773 771
184 771
2046 771
1168 771
495 771
1472 1605
623 1605
500 1605
977 1605
2475 1605
2476 1605
2477 1605
929 1605
1366 1632
301 1632
186 2454
184 2454
176 2454
868 1550
178 1550
94 179
95 2478
2479 2478
2480 2478
1234 2478
1235 1236
1197 1236
505 1236
483 601
485 601
596 601
2146 601
1086 601
1088 601
1201 601
548 601
1069 601
1845 601
2150 1848
1892 1848
410 1848
190 2285
191 2285
1966 2285
1844 1967
1670 1967
2390 1967
1968 1967
2393 1967
2481 1967
956 1967
2482 1967
187 2483
2454 186
133 186
887 1569
1221 1569
1005 1569
2484 1929
283 2485
1160 919
1141 919
2219 919
2060 2486
1850 2486
1851 2486
754 2486
2487 2486
1745 2488
2489 2488
2261 2488
811 2490
808 2490
2490 2261
811 2261
1993 2261
1994 1991
861 1991
32 865
2377 865
19 865
1649 865
1325 865
1324 1327
1781 1327
127 2399
209 2399
1836 1871
684 1871
1890 1871
1889 1888
2491 1888
162 1888
351 2371
447 962
448 962
961 962
456 962
458 962
1185 962
127 1186
2113 1186
2050 1186
839 2049
1389 2049
222 2492
221 223
1862 223
2483 223
338 2482
716 388
2493 388
1812 388
1833 1811
2494 1811
304 1811
2495 1811
2496 1811
2497 1811
2279 2498
1704 2498
2006 2498
405 2498
1885 2498
449 2498
929 2059
1366 1633
2498 1633
558 2497
982 2497
846 2497
405 2497
1728 2497
2499 2088
408 2088
406 412
1951 412
963 412
413 412
2349 412
2158 2347
254 2347
1968 2347
2455 2347
1199 2347
299 1465
108 1465
87 1465
891 2500
889 890
2501 890
892 890
2127 890
999 2126
2417 2126
612 2416
1249 1243
976 1243
912 1243
2139 1243
1219 1243
1249 1217
976 1217
2502 1217
912 1217
662 1217
2031 2098
1276 2098
41 2098
2503 2098
1287 2504
1084 1857
1630 1857
1290 1857
1291 1857
869 1857
950 868
948 868
1178 868
1319 868
176 868
1318 868
951 868
2077 868
2081 868
2076 868
1550 868
854 868
1551 868
1320 868
953 868
1179 868
2082 868
1321 868
612 868
1248 1244
1245 1244
85 1244
612 1244
1248 1245
614 1245
1244 1245
83 1245
26 1245
126 27
273 27
326 27
676 27
1072 27
1645 27
1403 27
2214 27
327 27
663 27
28 27
1140 27
2213 27
2505 27
2143 27
2246 27
303 27
1588 27
120 1585
2223 1585
2315 1585
95 1585
1589 1585
2360 1585
346 1585
1588 347
2506 1587
1589 1587
2279 1587
405 2507
1543 2507
2281 2507
2498 2279
2507 2279
2393 2279
1704 2279
2282 2279
405 2279
2036 2279
1677 2035
742 1679
2373 1679
2508 2509
1836 2509
1374 2222
1495 2222
1636 1496
323 1496
2058 1496
268 2057
750 2057
1710 2057
2382 2057
2510 2381
2109 2381
2252 2381
1975 2381
2511 2381
2383 2381
2381 2381
2109 2510
2511 2510
1743 2510
2296 1742
2184 1742
2181 2183
2064 2183
2204 2255
1128 2255
2512 2255
2135 2255
317 2134
1041 2134
1428 2134
11 1427
666 1427
667 2513
1887 2513
2506 2513
2514 2515
2516 2517
824 2518
823 822
903 822
49 2072
220 2072
922 218
979 218
1248 218
567 218
293 218
1674 218
1769 218
1246 218
1933 218
2270 218
2325 218
1296 218
2519 218
2520 218
1673 218
2189 218
1914 218
2521 218
2522 218
2523 218
2481 218
2326 218
1385 218
2524 1384
1951 1384
120 1950
410 1950
964 1950
2453 1950
685 1950
192 1950
122 1950
688 1950
2001 692
127 692
1192 692
1815 692
1816 1814
1815 1814
1814 1816
2449 1816
476 2525
1335 477
475 477
53 477
530 477
839 477
990 2526
1154 1155
2396 1155
809 1155
811 810
1836 810
371 2223
1585 2223
49 2223
11 2527
4 2527
305 9
583 1414
1770 1414
1771 2528
2229 1770
2528 1770
2193 1770
548 2194
2503 2529
1015 2529
2364 2362
1741 2362
173 2362
1197 2530
2073 2530
2317 2318
2531 2318
2319 2318
1013 2318
1515 1011
1620 1011
1012 1011
2532 1011
2348 1011
1014 1011
772 1011
970 773
1868 773
1867 773
299 773
771 773
2158 773
774 773
184 773
1346 773
1095 2533
1709 2533
229 2242
231 228
664 228
1333 663
27 663
741 663
2534 1942
742 1942
2535 1942
2364 1942
1741 1942
2366 1942
1853 1942
1891 2000
1453 2000
1218 2000
1454 2000
1892 2000
127 2000
2465 2460
738 2460
739 921
741 921
742 921
743 921
719 921
100 718
720 718
721 718
1351 718
397 1682
1875 1682
684 1682
1721 1682
1719 1720
1676 1720
1227 1720
1722 1720
1332 1720
1330 1331
2117 1331
854 2288
2289 2288
2290 2288
1832 2288
81 1830
977 1830
969 1830
966 968
49 968
892 968
233 968
127 2295
1836 2295
25 2224
1375 2224
2323 2224
684 2224
752 2224
2347 2158
773 2158
136 2158
2348 2158
483 2158
1215 1084
1190 1084
1629 1084
1287 1084
1925 1084
1939 1084
1288 1084
1856 1084
81 1084
1289 1084
2411 1084
1819 1084
127 1084
1857 1084
1216 1084
2469 1084
1630 1084
1290 1084
1230 1084
1858 1084
2536 1084
1060 1084
1059 1058
1000 1058
2511 1058
184 1058
1772 2537
317 1773
322 1773
558 1773
255 2538
404 2538
2493 2538
1347 2538
863 1346
2533 1346
2539 1346
2209 1346
483 2208
1101 1085
1838 1085
2259 1085
127 2436
1040 2461
165 2461
338 1373
1362 389
662 389
431 389
1404 432
1765 432
2180 432
894 2179
53 1616
1942 1616
677 2534
2364 2534
2366 2534
1176 2534
320 1177
127 1177
640 1177
925 1177
2327 2328
573 2328
2330 2328
559 2328
2275 558
2497 558
2538 558
2276 558
2006 558
1885 558
2378 558
865 2377
2188 2377
2274 2377
1577 2377
2377 2188
1537 2188
2303 2188
501 2188
504 2540
154 2540
419 153
1590 153
1965 153
81 153
152 153
155 153
520 153
1504 153
2225 153
2238 153
1102 153
160 153
152 153
1781 2335
565 2335
566 572
2202 572
571 572
1988 572
2203 572
890 572
892 2501
1283 2501
796 2501
537 797
420 797
933 2251
2382 2251
999 2251
668 2251
1189 2541
2149 1188
1776 1188
79 1188
534 1188
1636 1637
2090 1637
742 1637
232 2542
2543 2544
127 2544
2421 2462
326 2462
25 328
895 328
1302 1655
1654 1655
670 1655
1836 668
2541 668
2109 668
1829 668
684 668
2545 668
364 668
233 362
2472 362
1040 362
468 362
299 467
91 467
2320 171
2546 171
1612 171
2547 1613
1388 1613
1389 1387
2316 1387
1670 1387
1967 2390
184 2390
136 2390
2038 2390
1670 2069
1516 2069
1399 2069
1402 2069
1517 2069
2447 2069
161 2069
338 270
1169 270
379 270
2058 270
1207 270
2481 270
1291 270
1367 270
1561 1366
929 1366
1632 1366
1633 1366
835 1366
2359 2315
959 2315
1585 2315
397 2315
1407 2315
2360 2315
189 2315
408 190
2285 190
685 190
1425 190
942 190
1418 941
939 941
1376 941
91 941
928 172
1521 172
756 1522
2305 1522
1369 1522
141 1522
2278 2109
2381 2109
2510 2109
668 2109
445 2109
1022 451
301 451
2107 451
330 451
2125 451
786 451
784 787
789 787
790 787
582 787
305 583
1414 583
565 583
1646 573
549 573
925 573
2327 573
2328 573
591 573
2330 573
184 573
650 2548
288 1579
454 1579
2211 1579
855 2210
869 854
950 854
780 854
1178 854
1319 854
1318 854
951 854
2077 854
2081 854
2119 854
1116 854
1049 854
1050 854
952 854
104 854
2443 854
2076 854
868 854
2288 854
1348 854
2291 854
1551 854
2082 854
1321 854
80 854
1322 854
1552 854
681 854
2446 854
1841 854
1298 1913
1792 1913
1484 1913
2488 1913
1234 2487
1197 1237
1185 1237
744 1187
127 1187
1097 1187
619 1187
619 1187
736 2549
735 737
582 737
585 584
2550 584
1005 584
127 1930
1230 1930
607 1930
483 608
154 608
1316 155
153 155
1201 155
905 155
1248 155
1243 1249
1217 1249
2502 1249
2551 1249
2552 2553
2554 2553
2555 2553
604 2553
2000 1453
1454 1453
605 1453
1719 1453
1772 2089
1936 1774
1230 1774
2030 1774
863 1774
1310 1983
2221 1983
2372 1983
11 1983
2556 1983
2041 1983
2557 1983
1030 1983
2414 1028
76 1028
1335 75
479 75
476 75
479 478
127 478
1040 2463
2558 2463
523 2559
77 2560
127 2560
1295 2464
1959 2464
2055 1958
393 1958
1767 1958
1887 1958
1880 1958
2033 1879
1881 1879
1882 1879
688 1879
1005 693
127 693
1783 693
1434 693
808 1433
439 1433
1644 1433
381 1643
383 1643
517 1643
509 2250
483 908
1570 908
640 908
100 908
2499 1694
514 1694
2272 1571
11 1571
807 1571
1119 1485
50 2442
1347 2442
2204 1348
2101 1348
2264 1348
1894 1348
2443 1348
854 1348
1286 1348
208 2561
1481 207
1482 207
1483 207
1484 207
445 207
444 452
324 452
2562 452
459 452
460 452
678 452
50 1120
2563 1120
196 1120
1228 194
870 1229
708 1229
555 1229
299 1229
2216 1229
1617 1229
1670 1229
1618 1229
677 1229
483 1229
601 1086
1094 1086
408 1086
412 413
191 413
746 413
744 747
2030 747
1670 747
2395 2391
2243 2391
2248 2254
2249 2254
472 2254
322 473
2564 473
1372 473
168 1987
2565 1987
1844 2566
301 1969
184 1969
1887 1969
956 1969
656 1969
654 657
655 657
659 657
660 657
132 657
2567 130
493 2568
1153 2569
1385 1152
1305 1152
58 1758
59 1758
1306 1758
62 1758
536 1758
2055 538
127 538
2401 538
1949 538
36 538
2269 538
2472 2267
26 2570
445 28
471 28
1139 28
1934 28
27 28
454 28
2494 28
2103 28
455 28
1690 28
205 2173
2104 203
1944 203
127 203
2204 203
1128 2265
2512 2265
687 2265
1955 1225
689 1225
2264 1225
1894 2291
854 2291
1610 2291
2321 1608
2074 1608
2571 1608
488 1608
802 2572
1393 2572
930 2572
1134 931
929 931
744 931
1736 931
2573 931
1737 931
2318 931
2321 2531
1955 2531
2457 1956
239 2456
843 841
53 841
2167 841
253 2574
565 254
251 254
252 254
1603 254
569 254
2347 254
255 254
2575 254
1005 254
165 1931
1836 1374
1974 1374
2222 1374
527 1374
614 1374
218 1296
83 1296
1215 1296
1925 1216
1288 1216
127 1216
1084 1216
1291 1216
1901 1216
2509 2373
505 2373
2419 602
2425 602
2447 602
476 602
547 479
607 479
506 479
74 479
507 479
1137 479
1064 479
1278 479
626 479
513 479
1076 479
1621 479
569 479
486 479
641 479
1066 479
915 479
642 479
596 479
2334 479
475 479
75 479
478 479
2576 479
2577 479
522 479
1090 479
1091 479
523 479
1508 479
2578 479
487 479
640 479
628 479
1201 479
524 479
643 479
157 479
1092 479
2579 479
629 479
474 479
1148 520
1278 520
1337 520
593 520
915 520
2146 520
153 520
1089 520
628 520
1201 520
524 520
643 520
525 520
77 520
526 520
2225 520
299 520
272 2217
1783 2217
239 2217
262 842
1781 267
2398 267
987 267
285 267
445 288
651 288
650 288
1688 288
25 288
352 288
227 288
1579 288
1953 288
250 288
230 288
454 288
2248 288
470 288
1580 288
231 288
22 288
21 20
2467 20
382 20
1918 1919
982 1919
448 1919
2580 1917
65 1917
687 64
1226 64
1312 64
91 2287
361 173
808 173
170 173
2530 173
1239 173
1828 173
597 1953
288 1953
1059 1953
68 1953
100 101
49 101
102 101
103 101
1845 101
136 1849
635 1849
758 2021
2514 757
759 757
154 757
483 156
1064 156
1689 156
761 1749
2028 1749
1409 1749
2581 1408
2582 1408
1150 1408
379 1196
299 1354
1701 1354
2202 1988
571 1988
572 1988
127 1988
2460 2465
503 2465
2540 501
2100 501
504 501
2387 501
435 2386
498 438
497 500
499 500
1605 500
483 500
1702 1087
530 1087
380 1087
298 1533
1410 1533
1160 1533
2455 1533
189 1533
408 191
410 191
2285 191
413 191
2032 191
1879 2033
1731 2033
53 2033
43 2033
676 41
2031 41
925 41
2098 41
42 41
591 41
892 41
1920 41
2013 41
373 41
2583 41
483 41
601 1088
1094 1088
2553 1088
2552 2551
2555 2551
338 2551
339 390
22 390
20 21
1670 21
2389 2392
2395 2392
474 2392
567 521
299 521
575 521
210 521
10 212
2584 212
2585 212
2073 212
2318 2319
2404 2319
1446 2319
1055 1445
1979 1445
1259 1445
2168 1445
2574 2167
49 2167
53 2167
4 2167
210 10
217 10
115 10
212 10
2584 10
377 10
1406 715
242 715
1208 715
270 1207
165 1207
2224 1375
2562 1375
2323 1375
506 1375
1068 627
1073 627
514 627
519 627
239 627
841 843
2418 843
2586 843
1920 843
2493 843
786 843
2587 788
1764 2588
184 2093
2094 2093
299 2093
2275 2218
2276 2218
184 2218
2275 2218
558 2276
2218 2276
184 2276
2393 2276
338 2276
801 391
379 391
272 391
397 391
761 391
2422 2026
2410 2026
72 2409
73 2409
470 2409
2589 2590
1339 2590
1337 1340
513 1340
1338 1340
1833 1340
1834 1340
2591 1340
1835 1340
2592 1340
1339 1340
1338 1341
198 1341
1833 1341
1834 1341
304 1341
1269 1341
1835 1341
2592 1341
2593 1341
772 1341
773 774
136 774
2348 774
1447 774
2594 2595
1772 2595
1936 1775
1230 1775
927 1775
121 2596
936 119
1221 119
492 119
2517 119
757 2514
1369 2514
415 2514
416 698
565 698
577 574
1840 574
740 1839
738 742
1043 742
1541 742
739 742
1648 742
741 742
1679 742
1942 742
921 742
2542 742
1943 742
743 742
1907 742
2597 742
2535 742
1449 742
1651 742
2364 742
1388 742
2039 1389
2492 1389
1387 1389
1390 1389
1173 1389
1013 1172
1011 1012
1014 1012
392 1012
2073 2598
171 2320
11 2320
2599 2320
659 2320
2100 1600
485 1600
367 1504
153 1504
218 1504
51 2519
68 49
653 49
701 49
52 49
99 49
837 49
853 49
855 49
883 49
755 49
899 49
907 49
969 49
511 49
1174 49
1129 49
1356 49
1470 49
1593 49
1611 49
515 49
0 49
1797 49
1837 49
1799 49
237 49
1977 49
903 49
2079 49
2234 49
2263 49
2277 49
1691 49
2388 49
1117 49
1693 49
2439 49
2443 49
518 49
2072 49
2527 49
968 49
101 49
2167 49
1095 49
2600 49
2220 49
2601 49
2602 49
2603 49
2358 49
1098 49
1071 49
2102 49
2604 49
2605 49
2606 49
2 49
1592 49
904 49
1133 49
1744 49
2607 49
902 49
820 49
702 49
480 49
2608 49
1703 49
1881 49
1696 49
2609 49
2610 49
93 49
1461 94
92 94
964 94
2478 94
95 94
439 94
998 94
2611 94
96 94
93 94
1461 95
1899 95
1982 95
120 95
92 95
2478 95
1585 95
94 95
845 95
439 95
1009 95
2586 95
2612 95
998 95
2611 95
96 95
1109 95
1393 1277
11 1277
56 1277
483 1277
546 1089
1082 1089
2425 1089
520 1089
1505 1089
2613 1089
313 1089
1624 1623
218 1623
1470 2520
966 1471
127 1471
1071 1471
2078 1471
1957 1471
127 1471
1469 2466
235 2466
11 2466
1295 2466
1252 2466
1495 1251
744 1251
127 1251
66 1251
127 1251
20 2467
2470 2467
2354 2467
1040 2467
127 2467
268 2468
1710 2468
338 2468
127 392
2598 392
1270 392
877 392
541 2345
127 2345
793 2345
260 2345
877 257
127 257
2055 257
320 2376
127 2376
1710 2376
2314 2376
127 2312
2354 2312
2313 2312
233 2312
127 2296
1742 2296
1052 2296
541 2296
1824 2352
127 2352
1040 2352
541 2352
1824 2353
127 2353
1040 2353
259 2353
888 492
744 492
1823 492
127 492
119 492
17 492
493 492
510 492
1134 1037
127 1037
314 1037
929 321
1959 321
127 321
1960 321
1959 321
127 1960
321 1960
226 1960
1358 1960
262 1960
1622 268
1738 268
744 268
1891 268
81 268
127 268
2057 268
2468 268
2355 268
987 268
322 268
751 268
2614 268
2564 268
2113 268
127 268
1084 2469
2030 2469
794 2469
127 793
2345 793
1996 793
127 2165
2615 2165
1984 2165
2166 2165
1211 2165
299 1783
127 1783
693 1783
2217 1783
127 1783
2467 2470
541 2470
127 2354
2467 2354
2312 2354
2473 2354
338 2354
1005 393
1670 393
127 393
1958 393
635 393
81 2022
127 2022
541 2022
127 2355
268 2355
2113 2355
1629 2355
1856 1630
1819 1630
127 1630
1857 1630
1084 1630
640 1630
2424 1630
415 1630
418 699
127 699
700 699
281 699
541 280
278 280
127 280
2301 280
282 280
1468 280
127 1469
2466 1469
1295 1469
204 1469
234 1469
1724 235
1824 235
127 235
2466 235
2472 235
2474 235
2299 235
2014 235
989 235
1134 987
1211 987
2111 987
317 987
81 987
127 987
267 987
268 987
1097 987
2616 987
1511 987
1513 987
1596 987
338 987
272 394
127 394
2617 394
749 394
1325 750
1582 750
1594 750
261 750
1581 750
877 750
127 750
2057 750
2400 750
1462 750
1503 750
1723 750
66 750
1463 750
1190 750
1287 1290
1925 1290
1856 1290
127 1290
1857 1290
1084 1290
1858 1290
1291 1290
127 1290
1040 2471
314 2471
320 322
127 322
1773 322
473 322
268 322
2564 322
2185 322
127 2422
2026 2422
2339 2422
127 2338
233 2338
2185 2297
127 2297
1781 2297
127 2400
750 2400
1710 2400
127 2400
362 2472
2570 2472
235 2472
1040 2472
2474 2472
314 2472
127 323
1496 323
2564 323
688 323
127 694
696 694
688 694
691 695
127 695
688 695
686 696
127 696
694 696
127 696
2354 2473
1040 2473
687 2473
1772 1226
971 1226
127 1226
64 1226
67 1226
1936 1226
127 2160
988 2160
1323 2160
261 1462
2058 1462
127 1462
750 1462
1364 1462
283 1462
1294 920
1642 920
127 920
233 920
127 2298
16 2298
878 17
1149 17
15 17
127 17
492 17
18 17
542 17
540 543
2048 543
127 543
415 543
416 700
418 700
127 700
699 700
1738 700
127 1739
1039 1739
1539 1040
261 1040
1498 1040
2017 1040
2240 1040
127 1040
2461 1040
362 1040
2463 1040
2467 1040
2352 1040
2353 1040
2471 1040
2472 1040
2473 1040
544 1040
127 1040
235 2474
2472 2474
479 2474
2579 2576
479 2576
778 2577
1554 2577
474 2577
625 522
324 522
479 522
483 522
1083 1090
479 1090
548 1090
483 1090
479 1091
1201 1091
474 1091
483 523
512 523
546 523
2560 523
479 523
1092 523
530 523
546 523
997 1508
517 1508
479 1508
643 1508
527 1508
479 1508
484 2578
483 487
1064 487
485 487
479 487
639 487
1176 640
1976 640
1819 640
2423 640
1177 640
908 640
479 640
1630 640
530 640
910 640
2424 640
506 640
512 628
479 628
520 628
1069 628
1064 628
601 1201
155 1201
479 1201
520 1201
1091 1201
1838 1201
474 1201
483 524
1335 524
479 524
520 524
2591 524
74 524
479 643
520 643
1508 643
154 643
483 157
479 157
529 157
160 157
483 157
1064 1092
512 1092
546 1092
479 1092
523 1092
1094 1092
2083 1092
479 1092
2576 2579
506 2579
81 629
479 629
530 629
2056 629
474 629
1148 525
1751 525
120 525
520 525
76 525
2560 77
520 77
474 77
483 526
520 526
50 526
530 526
1069 526
1836 526
153 2225
520 2225
474 2225
512 527
1836 527
1374 527
1508 527
484 527
1338 488
2572 488
801 488
2375 802
2572 802
530 802
569 802
956 1665
1993 1665
1993 1992
1991 1994
1995 1994
2618 1994
1993 1994
1422 1995
1994 1995
2618 1995
2619 1995
1425 1995
1994 1995
1995 2618
2620 2618
483 2618
1834 1093
81 1093
371 1093
1104 1093
483 1093
1074 1094
546 1094
1080 1094
81 1094
1086 1094
1088 1094
1092 1094
483 1094
81 1095
2533 1095
49 1095
38 1095
2047 1491
81 1491
317 1491
81 2238
153 2238
1898 2238
988 2238
483 2238
81 1096
609 1096
344 1096
1205 343
342 343
81 343
483 343
81 1097
1187 1097
987 1097
988 1097
474 1097
483 528
512 528
1621 528
81 528
1440 528
2168 1439
2169 1439
704 1439
165 767
860 767
2168 767
53 767
1663 767
2168 1664
50 1664
2168 1664
1439 2169
50 2169
51 2169
116 50
879 50
896 50
1202 50
1499 50
860 50
1560 50
894 50
1640 50
1540 50
1700 50
1066 50
735 50
1701 50
2032 50
2168 50
2209 50
1900 50
897 50
1692 50
2031 50
1693 50
1119 50
864 50
2442 50
1120 50
526 50
1664 50
2169 50
2621 50
1500 50
2508 50
1501 50
1121 50
2019 50
1902 50
1903 50
2563 50
2600 50
1147 50
2622 50
1695 50
820 50
50 50
2622 2621
860 2621
50 1500
11 1500
53 1500
2623 1500
2509 1500
50 2508
860 2508
50 1501
678 1501
50 1121
1128 1121
2020 1121
50 2019
198 2019
50 1902
198 1902
50 1903
1112 1903
1441 1903
1120 1903
50 2563
1126 2563
49 2563
50 2600
1703 2600
652 2600
100 1147
348 1147
1700 1147
50 1147
50 1147
2621 2622
100 2622
2324 1695
50 1695
1219 1695
1431 1218
1765 1218
1483 1218
1766 1218
2000 1218
1297 1218
976 1218
614 1218
973 1297
1483 1297
1218 1297
975 1297
1431 976
1765 976
1243 976
1217 976
1218 976
2502 976
2139 976
1217 976
1249 2502
976 2502
912 2502
914 2502
1243 912
1217 912
2502 912
2142 912
1891 2139
1243 2139
976 2139
977 2139
1999 2139
265 2090
1637 2090
530 2090
2016 2090
1999 2015
1999 2015
315 2091
317 1990
1253 1990
1252 1990
312 1253
1989 1253
1990 1253
1041 1253
426 1253
502 2099
2100 2099
428 2099
426 427
775 427
776 778
2384 778
2577 778
445 778
1934 453
232 453
1487 453
43 453
1577 42
1934 42
41 42
813 42
1206 42
299 42
2486 2219
1887 2219
1138 2219
447 1342
448 1342
299 1342
470 1342
589 1342
590 591
299 591
1276 591
573 591
41 591
1400 591
1401 591
2331 591
592 591
379 591
299 1355
2038 1355
299 2070
2071 2070
1757 2070
299 2095
299 2095
49 2220
2607 2220
1283 2220
175 2220
338 2220
379 395
299 395
1161 395
299 1160
1670 1160
919 1160
1533 1160
848 1160
289 1160
253 1160
251 255
252 255
299 255
2538 255
254 255
184 255
134 255
379 135
1019 135
299 135
565 135
446 575
299 575
1670 575
521 575
956 575
49 575
530 2601
49 2601
49 2602
1559 2603
49 2358
483 2358
2444 1098
49 1098
530 1098
2056 1098
1017 1098
49 1071
1471 1071
1054 1071
49 2102
49 2102
11 2604
49 2604
49 2605
1 2606
2130 2
49 2
3 2
1593 2
49 1592
899 1592
100 904
903 904
49 904
1131 904
1306 1133
49 1133
0 1133
49 1744
49 1744
2220 2607
1283 2607
755 2607
652 902
1142 902
49 902
821 902
834 820
837 820
707 820
818 820
1199 820
1479 820
49 820
50 820
846 820
701 820
100 702
49 702
11 702
476 702
888 480
1075 480
49 480
49 480
348 2608
1435 1703
49 1703
2600 1703
11 1703
1880 1703
2283 1881
1879 1881
49 1881
1882 1881
1883 1881
100 1881
49 1696
11 1696
49 1696
11 2609
49 2609
2624 2610
476 2610
463 481
482 481
1515 481
978 1516
463 1516
2069 1516
621 1516
463 1494
1938 1494
1918 1494
463 1494
1841 1792
1298 1792
1913 1792
1914 1792
338 1792
588 396
1566 396
463 396
272 396
463 396
550 1793
945 551
463 551
832 551
1794 551
1914 551
463 551
551 1794
2625 1794
233 1794
235 2299
233 2299
2301 2300
233 2300
280 2301
2300 2301
165 2301
941 1376
2626 1376
2627 1376
2562 1376
2122 1376
53 1376
2628 1376
1379 1376
1376 1376
1379 2626
1376 2626
53 2627
1379 2627
452 2627
1375 2562
1376 2562
1144 2562
1376 2122
891 2122
969 892
1599 892
1962 892
2064 892
2197 892
996 892
890 892
968 892
2501 892
41 892
53 892
1283 892
893 892
1765 892
1958 1767
495 1767
1864 1606
1985 1606
2629 1606
1606 1606
1863 2629
580 2629
1765 1270
1941 1270
392 1270
564 1270
1765 1285
977 1285
2477 1285
2630 1285
1765 1285
2094 1768
582 1768
1765 585
584 585
1673 585
2631 585
2550 585
975 585
1431 977
1985 977
974 977
1605 977
1830 977
2139 977
1285 977
1863 977
2475 977
1864 977
1985 1863
2040 1863
2629 1863
977 1863
2476 1863
83 1863
1986 1863
1605 1863
977 2475
2476 2475
239 2475
184 844
239 844
95 845
665 845
943 845
667 845
664 845
239 665
1634 665
1805 665
1806 665
1874 665
662 665
845 665
338 665
716 397
379 397
2359 397
1682 397
2315 397
391 397
716 397
283 848
925 848
1559 848
1160 848
1112 848
595 848
149 598
2149 598
149 2150
1848 2150
1892 2150
1392 2150
2205 1393
386 1393
149 1393
2431 1393
2572 1393
1277 1393
2432 1393
2433 1393
2632 1393
150 1393
1411 151
147 151
149 151
182 151
300 184
180 184
1548 184
181 184
298 184
1966 184
1844 184
1790 184
2124 184
752 184
246 184
771 184
2454 184
773 184
2537 184
2390 184
2548 184
1969 184
2093 184
2218 184
2276 184
255 184
844 184
2633 184
2107 184
1442 184
1549 184
1968 184
302 184
754 184
184 184
2634 2633
2108 2633
451 2107
184 2107
567 2107
184 1442
1534 1442
1548 1442
184 1549
1966 1549
1844 1968
1670 1968
1967 1968
2347 1968
184 1968
300 1968
184 302
303 302
89 302
2043 302
2062 302
1139 302
1157 1140
27 1140
2214 1140
27 2213
27 2213
666 2505
2145 2505
27 2143
666 2143
25 2143
27 2246
2635 2246
300 2246
25 303
27 303
302 303
2247 303
329 303
304 303
664 303
1072 666
1334 666
125 666
1961 666
2097 666
1669 666
2513 666
2505 666
2143 666
2449 666
2418 666
2329 666
105 666
2525 2449
666 2449
108 2449
2636 2449
714 2449
843 2418
666 2418
53 2418
925 2418
666 2329
176 2329
868 1551
854 1551
1319 1551
868 1320
1321 1320
950 1320
176 953
952 953
868 953
1178 953
868 1179
2081 1179
1049 2082
1050 2082
868 2082
854 2082
1319 2082
176 1321
868 1321
854 1321
1320 1321
1612 1321
2637 1614
1614 1614
82 2637
854 80
1319 80
176 1322
952 1322
854 1322
176 1322
952 1552
2443 1552
854 1552
1553 1552
680 1552
1114 681
854 681
2076 681
854 2446
678 2446
1175 1122
1113 1122
1123 1122
1124 1122
1128 1122
678 1122
1114 1123
1118 1123
1122 1123
1124 1123
1125 1123
678 1123
1122 1124
1123 1124
1128 1124
678 1124
1118 1125
1123 1125
1128 1125
678 1125
2563 1126
1128 1126
678 1126
1894 1127
678 1127
1175 1128
1114 1128
1115 1128
2204 1128
1117 1128
1118 1128
2443 1128
2255 1128
2265 1128
1121 1128
1122 1128
1124 1128
1125 1128
1126 1128
1729 1128
1731 1730
2638 1730
215 1730
1729 1730
1981 1731
2145 1731
648 1731
211 1731
2033 1731
1730 1731
2638 1731
214 1731
215 1731
604 1731
2000 1454
1453 1454
1674 1454
2325 1673
218 1673
585 1673
1808 1673
2005 1673
2189 1673
1914 1673
2326 1673
1343 1673
1789 1808
2231 1808
1344 1808
2004 1808
1673 1808
2005 1808
1716 1808
1789 1808
2004 2005
1673 2005
1808 2005
1577 2005
2357 2189
218 2189
1673 2189
1537 2189
2639 2189
1841 2189
1298 1914
1912 1914
218 1914
1792 1914
551 1914
1673 1914
582 1914
622 586
580 586
623 586
2640 586
1605 586
1863 2476
2475 2476
2477 2476
1855 2476
1853 1854
624 1854
624 1854
1452 2232
2233 2232
624 2232
2232 2233
942 2233
1461 943
845 943
174 943
439 943
91 943
943 174
435 174
1222 439
1418 439
1461 439
2152 439
1417 439
92 439
1433 439
94 439
95 439
943 439
2611 439
1010 439
95 1009
843 1009
95 2586
53 2586
95 2586
682 2612
96 2612
722 2612
94 998
95 998
94 998
95 2611
439 2611
301 2611
2347 2455
1533 2455
134 2455
955 136
1515 136
1542 136
1019 136
1844 136
1846 136
1932 136
2158 136
2390 136
1849 136
774 136
1660 136
2393 136
669 136
978 136
382 1660
136 1660
1670 1660
1967 2393
2279 2393
2276 2393
136 2393
1704 2393
2282 2393
670 2393
1018 669
136 669
1362 669
2069 1399
945 1399
1362 946
1492 946
588 946
944 946
1362 946
591 1400
1401 1400
341 1400
592 1400
1362 1400
590 1401
591 1401
1400 1401
592 1401
1362 1401
1515 1402
2069 1402
376 1402
1362 617
240 617
1406 248
662 248
53 248
1406 248
242 1407
2359 1407
959 1407
2315 1407
1404 1407
1406 1405
4 1405
200 11
297 11
309 11
683 11
709 11
764 11
99 11
853 11
899 11
1174 11
1228 11
296 11
1456 11
38 11
514 11
1634 11
1805 11
1815 11
383 11
710 11
863 11
1054 11
1690 11
2234 11
897 11
1617 11
2197 11
2351 11
1427 11
2527 11
1983 11
1571 11
2320 11
1277 11
2466 11
1500 11
2604 11
702 11
1703 11
1696 11
2609 11
2427 11
1308 11
1455 11
2641 11
2642 11
2363 11
2045 11
731 11
1618 11
34 11
2451 11
529 11
1031 11
711 11
422 11
2643 11
782 11
768 11
2644 11
1927 11
2645 11
1904 11
712 11
2356 11
11 2427
768 2427
2479 2427
1309 2427
11 1308
1456 1308
11 1455
11 1455
11 2641
1554 2642
1015 2642
11 2363
1300 2363
11 2045
732 2045
11 731
708 731
710 1618
1229 1618
11 1618
33 1618
1163 34
11 34
1164 34
1165 34
1025 34
11 2451
816 2451
474 2451
801 529
514 529
1338 529
2375 529
157 529
11 529
2083 529
1032 529
1352 1031
1157 1031
11 1031
709 1031
985 711
1137 711
11 711
421 711
165 422
1541 422
1648 422
11 422
2643 422
782 422
1378 422
146 422
424 422
684 422
1651 422
2227 422
2304 422
425 422
2584 422
11 422
422 2643
2304 2643
783 2643
8 782
11 782
422 782
424 782
704 782
652 768
11 768
2427 768
11 768
1023 2644
11 1927
2646 1927
11 1927
198 2645
11 1904
1906 1904
709 1904
708 712
710 712
11 712
677 712
338 712
565 398
713 398
403 398
106 398
338 107
198 107
338 107
1002 399
338 399
1480 400
338 400
379 401
338 401
272 402
1887 402
338 402
374 403
555 403
398 403
1887 403
338 403
376 404
245 404
2538 404
2647 404
340 404
847 339
944 339
245 339
385 339
390 339
2177 339
555 339
339 2177
240 2177
241 249
240 249
285 250
283 250
288 250
256 250
241 250
567 1156
1444 1156
242 1156
1188 1776
462 1776
1492 1776
242 1493
1396 1493
1398 1493
1158 1493
341 1493
676 1493
1645 677
1413 677
2308 677
2216 677
2459 677
2534 677
1229 677
712 677
1509 677
2137 677
2648 677
546 677
677 1509
530 1509
2056 1509
1726 1509
1926 2137
677 2137
117 2137
677 2137
973 2648
1913 1484
207 1484
565 1484
1429 576
577 576
1429 576
2203 2105
371 2105
647 2445
1981 1921
648 1921
371 1921
54 1921
217 53
372 53
649 53
52 53
879 53
800 53
1075 53
1725 53
1825 53
765 53
384 53
648 53
2114 53
2419 53
1877 53
785 53
371 53
477 53
1616 53
841 53
2033 53
2167 53
767 53
1500 53
1376 53
2627 53
892 53
2418 53
2586 53
248 53
1905 53
2027 53
769 53
1044 53
2628 53
143 53
213 53
2649 53
1379 53
198 53
2440 1905
53 1905
761 1905
53 2027
704 2027
53 769
1046 769
53 1044
1376 1044
53 2628
2649 2628
139 2628
53 143
145 143
423 143
210 143
165 213
1981 213
53 213
53 213
2628 2649
165 2649
1575 1377
165 1377
422 1378
474 1378
607 530
506 530
74 530
507 530
853 530
509 530
483 530
1073 530
511 530
1185 530
514 530
515 530
348 530
1837 530
299 530
1702 530
518 530
477 530
1087 530
523 530
640 530
629 530
526 530
802 530
2090 530
2601 530
1098 530
1509 530
909 530
1047 530
1099 530
509 530
483 909
485 909
530 909
1099 909
1048 909
530 1047
483 1047
530 1099
909 1099
353 1099
651 354
254 354
956 2575
25 2575
303 2247
1798 2247
326 2247
324 329
25 329
303 329
229 329
288 230
445 230
444 454
650 454
25 454
227 454
1579 454
28 454
288 454
1014 454
25 454
2254 2248
288 2248
1935 2248
471 2248
1138 470
447 470
288 470
2590 470
1342 470
2650 470
2589 470
650 470
288 1580
1747 1580
2488 1745
2489 1745
664 1745
1334 667
1403 667
2214 667
2513 667
845 667
1841 667
1841 1915
615 1916
1841 1842
1163 1842
1162 1164
1057 1164
2131 1164
34 1164
1163 1164
34 1165
2119 1165
2289 2120
2290 2120
2117 2120
2288 2289
2120 2289
423 2289
2117 2289
2288 2290
2120 2290
449 2290
2384 2060
2486 2060
1845 2060
2486 1850
1851 1850
1845 1850
2486 1851
1850 1851
1410 1851
1941 1887
2513 1887
1958 1887
1969 1887
2219 1887
402 1887
403 1887
1811 1887
28 2494
232 2494
1895 2494
25 2103
28 2103
445 2103
28 455
456 455
1911 455
54 455
734 55
766 55
770 55
56 55
866 55
202 55
57 55
704 55
861 770
55 770
56 770
202 770
54 770
1391 56
766 56
1277 56
55 56
770 56
509 56
483 910
1570 910
640 910
607 910
509 609
1096 609
547 609
483 548
546 548
486 548
1078 548
1083 548
1473 548
601 548
2529 548
1090 548
485 548
1089 1505
76 1505
506 78
1231 78
1335 1230
1772 1230
1937 1230
1936 1230
1084 1230
1930 1230
1774 1230
1775 1230
2030 1230
483 1230
1064 1100
1337 1100
483 1100
1064 1101
642 1101
1085 1101
1105 1101
483 1101
1316 1102
153 1102
158 1102
483 1102
2444 1103
483 1103
1093 1104
483 1104
1064 1105
1101 1105
483 1105
1064 1106
1079 1106
2444 1106
861 1106
483 866
55 866
474 866
474 531
1923 532
635 532
154 532
474 158
305 158
1590 158
1102 158
159 158
474 158
633 533
79 533
637 533
638 533
1507 533
2136 2056
1081 2056
629 2056
1098 2056
1509 2056
350 2056
1573 349
2182 349
2651 349
349 349
1515 2651
2038 1517
2069 1517
2447 1517
1584 1517
1790 2002
2361 2002
1852 2002
1845 2002
2002 1852
272 1852
1393 2432
803 2432
272 2432
1393 2433
803 2433
1566 2433
1515 1565
1568 1518
154 1518
158 159
154 159
625 160
153 160
157 160
446 160
668 1829
298 1829
2281 1704
2498 1704
2279 1704
2393 1704
2282 1704
2281 1704
2279 2282
2393 2282
1704 2282
954 2282
565 1866
563 577
954 577
574 577
576 577
2203 577
1287 577
954 1858
1289 1858
1084 1858
1290 1858
1291 1858
1282 1858
1154 1280
2479 1280
2480 1280
2652 1280
1282 1280
1283 1281
2480 1281
847 1281
1669 1210
1282 1210
1962 1283
2501 1283
2220 1283
2607 1283
892 1283
1281 1283
893 1283
891 1283
892 893
1283 893
139 893
861 144
139 144
814 145
1170 145
143 145
2653 145
139 145
422 146
423 146
421 146
815 423
8 423
1415 423
1170 423
142 423
143 423
2289 423
146 423
424 423
421 423
419 424
422 424
782 424
423 424
425 424
2073 424
1877 2321
1608 2321
2531 2321
2310 2321
2074 2321
1609 2321
2309 2321
2073 2310
1877 2310
2321 2310
2074 2310
1652 2310
2309 2074
2073 2074
2317 2074
1877 2074
1608 2074
2321 2074
2310 2074
1610 2074
2073 1609
2321 1609
1379 1609
2073 1609
2311 2322
2309 2322
2073 2311
1877 2311
2322 2311
1381 2311
1825 1379
765 1379
2110 1379
2195 1379
2415 1379
1376 1379
2626 1379
2627 1379
53 1379
1609 1379
1238 1379
1011 1379
1014 2532
232 2532
2349 2532
1011 2348
2158 2348
774 2348
1013 2348
1388 1014
1011 1014
1012 1014
454 1014
2532 1014
232 1014
2124 1014
301 2123
180 2123
799 753
2013 753
382 753
2031 1920
41 1920
843 1920
388 1920
2538 2493
843 2493
1612 2493
100 1615
2148 1615
68 1615
101 102
73 102
103 102
70 102
69 73
104 73
2409 73
102 73
68 73
101 103
102 103
2654 103
103 103
1068 2654
601 1069
628 1069
526 1069
633 1069
631 634
79 634
637 634
2655 634
638 634
76 634
1188 79
533 79
634 79
1001 79
1556 1258
1003 1258
1257 1258
2292 1258
1259 1258
1557 1258
1001 1258
1446 1259
1788 1259
1445 1259
1258 1259
1447 1259
1556 1259
1257 1557
2292 1557
1258 1557
1001 1557
2488 1260
1745 2489
431 2489
1670 433
1021 433
1670 433
803 2394
555 2394
1670 2178
330 2178
1670 2178
2389 2395
2391 2395
2392 2395
326 2395
1022 330
1603 330
325 330
1006 330
1847 330
327 330
925 330
1974 330
2097 330
1276 330
1670 330
451 330
2178 330
2125 330
2333 330
373 330
1159 330
242 1158
1670 1158
1493 1158
503 1158
2099 502
2656 502
97 502
2100 502
502 502
98 2656
502 97
2100 97
426 97
1528 2100
501 2100
1600 2100
2099 2100
502 2100
97 2100
2441 2100
1526 2100
2100 2441
126 2441
273 128
125 128
271 128
2274 128
1145 128
450 2274
864 2274
2377 2274
128 2274
185 2274
462 375
2013 375
565 375
131 578
571 578
565 578
570 579
1936 579
618 2161
316 2030
745 2030
1774 2030
747 2030
2469 2030
1230 2030
619 2030
620 2030
1818 619
1187 619
2549 619
2030 619
2459 619
2657 2458
2458 2458
229 2657
650 231
228 231
288 231
232 231
2140 231
2658 2138
2138 2138
16 2658
2193 18
15 18
17 18
19 18
16 18
1686 19
2193 19
13 19
2192 19
15 19
865 19
18 19
1315 19
183 1314
62 1314
2337 1314
340 1314
338 341
379 341
382 341
272 341
1400 341
1493 341
1411 341
357 1412
351 359
650 359
232 359
457 359
445 359
651 456
650 456
962 456
455 456
2580 456
458 456
1910 456
229 456
445 232
283 232
379 232
650 232
2053 232
227 232
1865 232
2544 232
453 232
2494 232
2532 232
1014 232
231 232
359 232
1935 232
2659 232
1141 232
1746 232
445 232
650 457
359 457
307 457
305 306
925 306
2327 2330
2328 2330
573 2330
741 2330
1895 1943
1896 1943
742 1943
459 1943
740 1943
741 743
921 743
742 743
567 743
300 1443
567 304
2044 304
1811 304
1341 304
303 304
567 304
1156 1444
900 1444
656 1284
655 658
1529 658
659 658
851 658
852 2660
1159 851
2216 851
2660 851
1684 851
1685 851
1683 1684
1932 1684
851 1684
1917 1684
456 2580
445 2580
447 458
448 458
2039 458
962 458
456 458
1908 458
961 1935
25 1935
2248 1935
232 1935
445 1935
444 459
324 459
1813 459
1897 459
1895 459
452 459
1943 459
460 459
461 459
445 459
452 460
459 460
445 460
1576 461
459 461
447 461
448 1910
1908 1910
456 1910
1897 1910
1896 1898
2238 1898
2061 1898
2661 1898
1730 1898
1731 2638
2662 2638
210 2638
1981 214
1731 214
210 214
1730 215
1731 215
1577 215
2378 2190
1537 2190
1084 2190
503 2536
2540 504
501 504
490 504
489 491
367 491
1807 2271
1861 2271
221 1862
223 1862
1358 1862
222 1862
1359 224
221 224
222 224
1450 225
1358 225
222 225
219 226
1960 226
1358 226
1359 226
219 1358
1861 1358
1960 1358
1862 1358
225 1358
226 1358
464 1358
180 462
755 462
1776 462
375 462
2504 462
2529 2503
1489 2503
275 1487
453 1487
2339 1487
541 2340
1824 2340
2014 2340
697 2340
1498 2340
2339 2014
1824 2014
235 2014
2340 2014
1204 2014
333 2014
365 334
336 334
337 334
333 334
331 335
365 335
336 335
333 335
331 336
365 336
332 336
334 336
335 336
337 336
366 336
333 336
365 337
332 337
334 337
336 337
331 337
365 366
336 366
981 366
1062 982
1918 982
2497 982
1919 982
2006 982
980 982
2498 2006
558 2006
982 2006
405 2006
1885 2006
981 2006
1699 983
980 983
860 983
115 1502
1726 1502
1135 1502
232 1502
2663 2659
1139 2659
919 1141
232 1141
1748 1141
232 1746
1269 1746
2544 1746
1718 2543
1343 1716
1808 1716
683 1716
1008 682
2612 682
2408 682
964 682
682 2408
96 2408
93 2408
683 96
188 96
1415 96
1859 96
94 96
95 96
2612 96
2408 96
2664 96
685 96
96 96
188 2664
120 685
411 685
1950 685
190 685
96 685
192 685
1538 685
2372 1537
2188 1537
2189 1537
2190 1537
2665 1537
1537 1537
911 2665
1692 2665
2188 2303
1026 2303
2666 2303
2567 2303
32 2303
2303 1026
2303 1026
2567 2666
2568 2666
2303 2567
2666 2567
1027 2567
32 2567
2174 1027
1800 1027
1057 1027
2567 1027
2479 1027
992 1027
1150 1027
1232 1197
2036 1197
2050 1197
1233 1197
2273 1197
2206 1197
360 1197
817 1197
1368 1197
1236 1197
2530 1197
1237 1197
1238 1197
1234 1197
1368 1238
1379 1238
1197 1238
675 1238
1369 1238
1030 1238
1150 1029
360 1029
2414 1029
595 1029
597 599
600 599
595 599
597 600
599 600
2320 600
152 2599
881 2336
476 880
481 482
2165 482
849 2615
1587 2426
2515 2506
684 2506
2667 2506
1588 2506
1585 1589
1587 1589
1403 1589
1682 1875
1836 1875
1974 2226
435 2226
1836 440
442 440
1687 440
1607 2302
276 2196
2440 2196
1811 2196
2496 2495
2593 2495
1798 2495
1811 2495
2495 2496
1111 2496
1109 1110
198 1110
169 1110
2420 1110
1269 1110
84 1110
612 83
614 83
1245 83
1296 83
1863 83
85 83
84 83
613 85
1247 85
1244 85
83 85
87 85
218 85
218 2521
218 2522
1967 2523
218 2481
270 2481
2325 2481
218 2326
1673 2326
2038 2326
835 2071
2070 2071
447 2071
1506 1911
455 1911
1867 1911
771 2046
536 2046
929 539
1364 539
924 539
994 926
131 926
923 926
925 926
925 926
591 2331
592 2331
590 2331
925 2013
301 2013
41 2013
753 2013
375 2013
1650 2013
925 1649
865 1649
585 1649
1437 2631
1436 2631
2202 1437
2631 1437
2550 1437
584 1437
585 2550
1437 2550
516 2550
1514 1713
552 1713
553 1713
516 552
1713 552
1421 552
1181 1423
645 1423
1425 1423
1421 1423
1563 1424
2293 1424
1425 1424
2668 1424
1267 1424
1499 1269
1872 1269
198 1269
1268 1269
1341 1269
1746 1269
1110 1269
2663 1269
2659 1269
1269 2663
2124 2663
451 2125
330 2125
2170 2125
330 2333
372 2333
662 373
2308 373
41 373
330 373
1136 373
1662 1135
1502 1135
2618 1135
2669 2620
2619 2620
2620 2620
1995 2669
2620 2619
2146 2619
198 2374
1904 1906
198 1906
742 1907
200 1907
198 201
2565 201
1199 201
1477 1466
198 1466
803 1466
1111 1466
1440 1112
2420 1112
1903 1112
848 1112
1441 1112
1440 1112
2420 1441
1903 1441
1112 1441
2670 1441
860 1441
265 1503
750 1503
706 1503
860 705
1591 705
2671 705
239 705
1458 846
1661 846
2230 846
88 846
714 846
2497 846
820 846
90 846
302 89
470 89
2589 2650
273 2650
1932 274
966 274
1471 2078
237 2078
1471 1957
105 1957
571 2450
106 2448
1465 108
2449 108
1340 108
524 2591
1338 2591
1340 1835
1341 1835
1340 1835
1341 2592
1341 2592
2495 2593
1089 2593
1191 2613
692 1192
1819 1192
2423 2424
1630 2424
640 2424
1555 2424
2577 1554
2642 1554
1395 1554
2176 2083
1092 2083
529 2083
1837 2083
1085 1838
1201 1838
2672 1838
1838 1838
631 2672
1311 637
533 637
634 637
2061 637
2655 637
449 637
1898 2061
637 2061
634 2061
637 2655
2244 2655
2224 2323
1375 2323
25 2323
2243 2249
2254 2249
749 2249
268 751
683 751
1415 684
1871 684
1682 684
2224 684
668 684
422 684
2506 684
2252 684
420 684
2382 2252
2381 2252
684 2252
2383 2252
2506 2252
1983 2667
1984 2556
1544 2556
2372 2041
1983 2041
2557 2041
1983 2041
2041 2557
1971 2557
1209 1970
126 2413
1020 129
131 129
271 1020
129 1020
2636 1020
742 1020
1942 2597
742 2535
2364 2535
444 2535
324 1449
742 1449
1540 1449
742 1651
422 1651
1015 1651
2362 2364
1942 2364
2534 2364
742 2364
2535 2364
1741 2364
2359 2364
1585 2360
2315 2360
1301 2360
895 1304
1300 1304
1653 1304
1303 1304
1654 1304
895 1304
1303 1656
1654 1656
895 1656
1653 1657
1654 1657
895 1657
435 1658
1807 441
175 441
436 441
437 1807
2271 1807
441 1807
175 1807
91 1807
435 175
2220 175
441 175
1807 175
1635 175
1015 1741
2362 1741
1942 1741
2364 1741
1039 1741
1495 1041
744 1041
315 1041
318 1041
1559 1041
2199 1041
319 1041
2134 1041
1253 1041
1497 1041
116 1041
115 117
2137 117
118 117
115 117
814 1707
606 1416
1453 605
1448 605
2247 1798
2495 1798
296 1798
1724 1295
63 1295
2181 1295
2464 1295
2466 1295
1469 1295
205 1295
1821 204
1469 204
60 204
1307 62
1756 62
1757 62
58 62
59 62
1306 62
61 62
1758 62
1314 62
2673 62
2674 62
2675 62
2337 62
62 62
2675 2673
62 2673
2675 2674
62 2674
2673 2675
2674 2675
1306 2675
1314 2337
62 2337
1495 2337
744 1497
1041 1497
985 1497
84 986
84 86
1248 87
2500 87
85 87
1750 87
1180 1975
141 1975
1973 1975
1974 1975
2382 1975
2381 1975
1252 1975
2228 1254
422 2227
1692 2227
422 2304
2643 2304
421 2304
422 425
424 425
212 425
10 2584
422 2584
2011 2584
597 2012
1059 2012
1060 2012
138 1059
1751 1059
2011 1059
1752 1059
1753 1059
142 1059
1058 1059
1953 1059
2012 1059
41 1059
801 2583
2205 803
2431 803
2432 803
2433 803
2394 803
1466 803
1060 803
1396 1061
2278 1061
722 1061
1060 999
997 999
420 999
2126 999
2251 999
180 999
901 754
1763 754
2149 754
2486 754
184 754
987 754
988 2616
1512 2616
1709 1511
987 1511
1513 1511
988 1511
1512 1511
987 1513
1511 1513
988 1513
1598 1513
987 1596
988 1596
1234 1596
173 1239
338 1239
1480 405
1542 405
1698 405
1884 405
2237 405
2281 405
386 405
2498 405
2497 405
2507 405
2279 405
2006 405
1885 405
1543 405
2676 405
1884 405
2498 1885
558 1885
2006 1885
405 1885
1542 1885
2507 1543
405 1543
405 1543
212 2676
703 2585
189 2585
120 192
1950 192
685 192
1263 192
189 192
120 193
1262 193
120 1261
1263 1261
1264 1261
862 1261
2034 1972
1570 1972
1972 2034
1393 2034
589 2632
587 592
590 592
591 592
1400 592
1401 592
2331 592
1370 592
1377 1575
1077 1575
1646 1647
1475 1647
1388 1647
1389 1390
1700 1390
2266 1873
2677 1873
2678 2678
762 2677
1477 816
2451 816
268 816
2379 2614
2112 2614
2378 2614
2614 2379
2111 2379
2614 2112
2113 2112
2097 2112
2679 2344
2344 2344
258 2679
285 256
283 256
1645 256
287 256
250 256
285 256
326 289
1532 289
1160 289
1305 289
1945 1759
2044 1946
302 2043
131 2043
1017 1021
133 1021
433 1021
434 1021
42 813
2068 813
2069 2447
602 2447
1517 2447
2680 2447
2447 2447
163 2680
1200 164
2681 164
164 164
949 2681
99 947
825 826
2682 826
2683 2683
2403 2682
1262 2402
120 1263
409 1263
192 1263
1261 1263
1262 1263
1261 1264
2202 1264
572 2203
2105 2203
577 2203
727 2203
725 728
730 728
725 728
728 730
1779 730
1781 2066
2075 2066
1213 2066
1211 2066
1779 1784
1781 1784
2075 1784
1781 1784
538 2401
1211 2401
1779 1785
1781 1785
2075 1785
36 1785
264 1785
750 1723
65 1723
1323 66
261 66
1251 66
750 66
1328 66
1323 66
261 1463
750 1463
1328 1463
263 1463
1583 1710
2057 1710
2468 1710
2376 1710
2400 1710
1711 1710
1712 1710
263 1710
1326 1711
1710 1711
263 1711
1952 1712
1709 1712
265 1712
1710 1712
1613 1712
1190 2547
1629 1291
1287 1291
1939 1291
1856 1291
1289 1291
1944 1291
1857 1291
270 1291
1216 1291
1290 1291
1858 1291
989 1291
1231 988
1937 988
2160 988
2238 988
1097 988
2616 988
1511 988
1513 988
1596 988
2684 988
988 988
1052 2684
1205 2684
42 1206
111 1206
109 113
110 113
111 113
109 114
110 114
112 114
1265 114
418 1804
1536 1804
1442 1534
1535 1534
2634 1534
1536 1534
1534 1535
1636 1535
2685 1948
1636 1948
538 1949
496 1949
1384 494
408 2524
1183 414
1181 414
411 414
1421 414
1420 1425
1181 1425
645 1425
1422 1425
1563 1425
2293 1425
190 1425
1995 1425
1423 1425
1424 1425
1564 1425
1420 1425
1563 1564
1425 1564
1365 1564
1594 1364
1581 1364
1462 1364
539 1364
404 1364
2686 2647
2647 2647
965 2686
1720 1227
1721 1227
1720 1722
210 1722
703 216
805 216
444 804
1677 804
1675 804
1448 804
1676 804
858 804
928 857
858 857
856 859
2449 859
1020 2636
259 2636
1578 493
795 493
541 493
2569 493
492 493
269 493
1927 493
505 2646
2406 603
1169 2405
1868 1168
771 1168
516 1168
2040 1714
727 1714
726 729
1240 729
1241 1279
1242 1279
1240 1241
1279 1241
955 1241
1967 956
1969 956
1665 956
575 956
2575 956
1446 956
2595 1447
1259 1447
369 1447
369 368
1608 370
435 2571
440 442
1605 442
1285 2477
2476 2477
542 2477
1063 544
540 544
541 544
1040 544
701 544
2008 703
2585 703
216 703
1075 703
2028 1357
761 1357
2025 2028
1749 2028
1357 2028
1424 2028
564 2668
1855 1286
2561 1286
722 1286
1060 1000
1058 1000
352 1000
1387 2316
1880 2316
1879 1882
1881 1882
1880 1882
2284 1883
2283 1883
2438 1883
1881 1883
2053 1883
1325 2052
1724 1328
1631 1328
1583 1328
66 1328
1463 1328
631 1328
533 638
634 638
630 638
553 1336
827 554
830 1204
2014 1204
176 1204
952 1553
1552 1553
2478 1553
2427 2479
1280 2479
1027 2479
2480 2479
1285 2479
1898 2630
1642 2661
2595 1641
877 2594
937 2346
936 2346
935 937
877 937
2346 937
2075 937
1832 937
1853 1831
2141 1831
2144 1831
1831 2141
673 2141
672 675
1233 675
2206 675
1368 675
1238 675
1275 675
2478 675
1280 2480
1281 2480
2479 2480
2381 2480
2510 2511
1058 2511
2638 2511
1211 2662
1779 1786
2412 1786
1211 1786
1779 1787
2382 1787
2381 2383
2252 2383
688 2383
2340 697
1627 697
1668 1626
293 1626
1514 1604
2004 2018
2163 2018
1780 2162
935 2075
2066 2075
1784 2075
1785 2075
937 2075
2114 2075
1456 2236
1450 1457
1706 2380
1476 1705
1799 1705
1893 1705
2367 1705
2369 1705
1705 2367
2001 2367
562 2430
560 561
672 561
1434 1275
1521 1275
1368 1275
675 1275
913 1275
2665 911
2687 911
2688 911
911 911
2566 2687
201 2565
1544 2565
30 2042
1024 992
1027 992
14 992
40 12
22 39
1468 23
1738 23
1567 23
1419 23
1420 1510
644 1510
644 1666
1500 1667
30 2623
1441 993
1763 2670
1005 1892
1848 1892
2000 1892
2150 1892
318 1892
2685 2332
863 2332
1996 1984
2165 1984
2556 1984
2166 1984
1250 1984
2411 1736
931 1736
931 1736
1250 2573
2411 1737
931 1737
705 1737
2314 2671
2312 2313
2689 2313
2313 2313
1045 2689
2239 1042
808 1042
2257 2262
809 2262
808 811
2490 811
2261 811
810 811
2155 811
2154 2153
2156 2153
2155 2153
2153 2154
2155 2154
2153 2156
2234 2156
1273 2235
1271 1274
1272 1274
1890 1274
2343 1889
1888 1889
2690 1889
2624 1889
1888 1889
1889 2491
2610 2690
1889 2624
2369 2624
2214 2368
2590 2215
470 2589
2650 2589
2317 2589
2319 2404
116 2404
117 118
2174 118
1800 2175
2396 2175
786 2175
2174 789
784 789
787 789
364 789
312 363
1 363
2351 3
2 3
940 3
316 938
313 2080
1623 1624
2485 1624
420 2484
1280 2253
1015 2652
1015 2365
1942 2366
2534 2366
906 2366
155 905
1985 905
1863 1986
394 1986
861 2617
2546 867
761 867
473 2029
268 2564
322 2564
323 2564
2111 2564
127 2113
1186 2113
268 2113
2355 2113
2112 2113
1074 2113
1996 1167
2165 2166
1984 2166
2024 2166
1346 2023
1349 2539
2691 2539
2692 2692
109 2691
112 469
611 469
864 469
984 2452
1221 1803
1764 2207
2093 2094
1768 2094
1347 2094
2539 1349
2064 1349
1926 2256
1432 2407
2462 2421
897 2421
37 2286
1527 36
35 36
538 36
1785 36
8 36
2693 1171
281 1171
280 282
724 282
2694 723
2695 2695
2246 2694
586 2635
654 2640
2152 661
196 2151
197 195
2696 195
2697 2697
2133 2696
294 2132
1827 295
2189 1826
2698 2639
292 2639
911 290
2559 2688
2699 2558
2700 2701
2701 2701
2701 2699
2702 2700
145 2700
252 2653
2118 1430
668 2115
1598 2545
935 1597
65 1597
1214 67
687 67
1226 67
542 67
1794 545
123 2625
406 122
1859 122
1950 122
809 122
856 812
807 927
2596 927
856 927
172 928
857 928
2633 928
1534 2634
1976 2634
262 2164
259 269
493 269
1212 269
1780 1213
2066 1213
2063 1213
302 2062
1325 2062
1326 1329
2703 1329
1329 1329
2065 2703
1786 2412
1408 2412
1408 2581
2172 2582
2588 2171
46 2587
45 47
46 47
44 48
45 48
2255 48
2265 2512
2518 2512
2704 2516
2705 2705
200 2704
1391 202
766 202
55 202
770 202
57 202
54 202
200 57
1391 57
55 57
202 57
1681 57
2036 1680
1235 2037
759 2037
1232 2037
756 1369
2273 1369
2305 1369
2206 1369
2385 1369
1368 1369
1522 1369
2514 1369
1238 1369
2706 1369
1523 1369
2306 1369
2307 1369
1369 1369
1521 2706
1368 1523
1369 1523
2305 1523
1369 2306
2307 2306
2305 2306
1369 2307
2306 2307
824 2307
822 823
1520 823
1368 2159
1521 2159
2206 1524
1368 1524
758 1524
1368 759
757 759
2037 759
760 759
171 759
867 2546
840 2546
1220 839
2049 839
2526 839
2707 839
758 839
759 760
839 760
2259 2707
170 2437
1053 2437
971 1052
2296 1052
2684 1052
2553 1052
2551 2552
2553 2552
2555 2554
2553 2554
2551 2555
2554 2555
1948 2555
2332 2685
1717 2685
309 1715
308 310
2435 310
2700 2434
1383 2702
1382 1380
1383 1380
1380 1382
1171 1382
2200 2693
2088 2198
1694 2499
2639 2499
2343 2698
196 2342
195 197
786 197
787 790
2429 790
1761 2428
1035 1760
719 1033
732 720
718 720
721 720
719 720
100 721
718 721
720 721
